-1.416456699371337891e-01 6.888663768768310547e-02 8.826105296611785889e-02 1.596341013908386230e+00 1.716484427452087402e+00 -8.200136572122573853e-02
9.956115391105413437e-04 -9.702114388346672058e-03 -1.096950843930244446e-01 -1.183252129703760147e-02 1.887090690433979034e-02 -6.762660741806030273e-01
-4.255783185362815857e-02 1.117083430290222168e-01 1.877051219344139099e-02 -1.268141150474548340e+00 -2.680409550666809082e-01 2.601508200168609619e-01
3.872252404689788818e-01 5.634282231330871582e-01 -5.527763366699218750e-01 7.843124121427536011e-02 4.594467580318450928e-02 1.981796771287918091e-01
6.502634882926940918e-01 3.125048875808715820e-01 1.719318628311157227e-01 3.840756714344024658e-01 1.585691124200820923e-01 -1.129876077175140381e-01
-2.573934197425842285e-01 -1.248685568571090698e-01 3.005440533161163330e-01 -2.256035357713699341e-01 -4.157919883728027344e-01 3.731769621372222900e-01
3.072408735752105713e-01 3.606106042861938477e-01 -4.189924299716949463e-01 5.583822131156921387e-01 7.180621623992919922e-01 -7.410159111022949219e-01
2.796376347541809082e-01 -1.723777055740356445e-01 -3.082097768783569336e-01 7.919418811798095703e-02 -1.147031709551811218e-01 4.361899569630622864e-02
4.427031576633453369e-01 2.213620394468307495e-01 -1.981206089258193970e-01 9.726113080978393555e-02 -7.553359121084213257e-02 -1.238093227148056030e-01
1.286008954048156738e-02 1.859791129827499390e-01 3.939370438456535339e-02 2.305959016084671021e-01 1.999078750610351562e+00 -1.430574953556060791e-01
-8.996627479791641235e-02 -6.334055662155151367e-01 5.243475437164306641e-01 -1.085927262902259827e-01 5.114179849624633789e-02 -1.629401743412017822e-01
-9.231470525264739990e-02 -1.395578496158123016e-02 -1.517618000507354736e-01 -1.671734601259231567e-01 -2.436056584119796753e-01 -8.809783458709716797e-01
