0.000000000000000000e+00 2.846422195434570312e+00 2.160022258758544922e-01 0.000000000000000000e+00 0.000000000000000000e+00 0.000000000000000000e+00 0.000000000000000000e+00 0.000000000000000000e+00 2.822235226631164551e-02 4.666390419006347656e-01 0.000000000000000000e+00 0.000000000000000000e+00
0.000000000000000000e+00 2.839481115341186523e+00 2.027434706687927246e-01 0.000000000000000000e+00 0.000000000000000000e+00 0.000000000000000000e+00 0.000000000000000000e+00 0.000000000000000000e+00 2.790561318397521973e-02 4.890890121459960938e-01 0.000000000000000000e+00 0.000000000000000000e+00
0.000000000000000000e+00 2.831812381744384766e+00 1.876549124717712402e-01 0.000000000000000000e+00 0.000000000000000000e+00 0.000000000000000000e+00 0.000000000000000000e+00 0.000000000000000000e+00 2.755972743034362793e-02 5.143382549285888672e-01 0.000000000000000000e+00 0.000000000000000000e+00
0.000000000000000000e+00 2.824042558670043945e+00 1.728499531745910645e-01 0.000000000000000000e+00 0.000000000000000000e+00 0.000000000000000000e+00 0.000000000000000000e+00 0.000000000000000000e+00 2.716735005378723145e-02 5.395615100860595703e-01 0.000000000000000000e+00 0.000000000000000000e+00
0.000000000000000000e+00 2.816373825073242188e+00 1.577617526054382324e-01 0.000000000000000000e+00 0.000000000000000000e+00 0.000000000000000000e+00 0.000000000000000000e+00 0.000000000000000000e+00 2.682140469551086426e-02 5.648114681243896484e-01 0.000000000000000000e+00 0.000000000000000000e+00
0.000000000000000000e+00 2.805769205093383789e+00 1.448284983634948730e-01 0.000000000000000000e+00 0.000000000000000000e+00 0.000000000000000000e+00 0.000000000000000000e+00 0.000000000000000000e+00 2.645683288574218750e-02 5.856990814208984375e-01 0.000000000000000000e+00 0.000000000000000000e+00
0.000000000000000000e+00 2.793858766555786133e+00 1.325401663780212402e-01 0.000000000000000000e+00 0.000000000000000000e+00 0.000000000000000000e+00 0.000000000000000000e+00 0.000000000000000000e+00 2.615275979042053223e-02 6.044623851776123047e-01 0.000000000000000000e+00 0.000000000000000000e+00
0.000000000000000000e+00 2.781945466995239258e+00 1.204911470413208008e-01 0.000000000000000000e+00 0.000000000000000000e+00 0.000000000000000000e+00 0.000000000000000000e+00 0.000000000000000000e+00 2.580407261848449707e-02 6.232864856719970703e-01 0.000000000000000000e+00 0.000000000000000000e+00
0.000000000000000000e+00 2.770035028457641602e+00 1.082028448581695557e-01 0.000000000000000000e+00 0.000000000000000000e+00 0.000000000000000000e+00 0.000000000000000000e+00 0.000000000000000000e+00 2.549996972084045410e-02 6.420495510101318359e-01 0.000000000000000000e+00 0.000000000000000000e+00
0.000000000000000000e+00 2.756864070892333984e+00 9.641683101654052734e-02 0.000000000000000000e+00 0.000000000000000000e+00 0.000000000000000000e+00 0.000000000000000000e+00 0.000000000000000000e+00 2.443358302116394043e-02 6.585702896118164062e-01 0.000000000000000000e+00 0.000000000000000000e+00
0.000000000000000000e+00 2.741755962371826172e+00 8.505436778068542480e-02 0.000000000000000000e+00 0.000000000000000000e+00 0.000000000000000000e+00 0.000000000000000000e+00 0.000000000000000000e+00 2.224880456924438477e-02 6.714336872100830078e-01 0.000000000000000000e+00 0.000000000000000000e+00
0.000000000000000000e+00 2.726609706878662109e+00 7.347232103347778320e-02 0.000000000000000000e+00 0.000000000000000000e+00 0.000000000000000000e+00 0.000000000000000000e+00 0.000000000000000000e+00 2.007660269737243652e-02 6.840915679931640625e-01 0.000000000000000000e+00 0.000000000000000000e+00
0.000000000000000000e+00 2.711501359939575195e+00 6.210967898368835449e-02 0.000000000000000000e+00 0.000000000000000000e+00 0.000000000000000000e+00 0.000000000000000000e+00 0.000000000000000000e+00 1.789170503616333008e-02 6.969552040100097656e-01 0.000000000000000000e+00 0.000000000000000000e+00
0.000000000000000000e+00 2.696350097656250000e+00 5.062395334243774414e-02 0.000000000000000000e+00 0.000000000000000000e+00 0.000000000000000000e+00 0.000000000000000000e+00 0.000000000000000000e+00 1.585093140602111816e-02 7.092685699462890625e-01 0.000000000000000000e+00 0.000000000000000000e+00
0.000000000000000000e+00 2.681233644485473633e+00 3.941693902015686035e-02 0.000000000000000000e+00 0.000000000000000000e+00 0.000000000000000000e+00 0.000000000000000000e+00 0.000000000000000000e+00 1.387962698936462402e-02 7.215721607208251953e-01 0.000000000000000000e+00 0.000000000000000000e+00
0.000000000000000000e+00 2.667443037033081055e+00 2.848798036575317383e-02 0.000000000000000000e+00 0.000000000000000000e+00 0.000000000000000000e+00 0.000000000000000000e+00 0.000000000000000000e+00 1.254549622535705566e-02 7.309360504150390625e-01 0.000000000000000000e+00 0.000000000000000000e+00
0.000000000000000000e+00 2.653809547424316406e+00 1.781791448593139648e-02 0.000000000000000000e+00 0.000000000000000000e+00 0.000000000000000000e+00 0.000000000000000000e+00 0.000000000000000000e+00 1.124379038810729980e-02 7.402899265289306641e-01 0.000000000000000000e+00 0.000000000000000000e+00
0.000000000000000000e+00 2.640143871307373047e+00 6.933629512786865234e-03 0.000000000000000000e+00 0.000000000000000000e+00 0.000000000000000000e+00 0.000000000000000000e+00 0.000000000000000000e+00 9.966850280761718750e-03 7.494029998779296875e-01 0.000000000000000000e+00 0.000000000000000000e+00
8.037090301513671875e-03 2.626491069793701172e+00 0.000000000000000000e+00 0.000000000000000000e+00 0.000000000000000000e+00 0.000000000000000000e+00 0.000000000000000000e+00 0.000000000000000000e+00 8.661717176437377930e-03 7.587845325469970703e-01 0.000000000000000000e+00 0.000000000000000000e+00
2.285885810852050781e-02 2.612837791442871094e+00 0.000000000000000000e+00 0.000000000000000000e+00 0.000000000000000000e+00 0.000000000000000000e+00 0.000000000000000000e+00 0.000000000000000000e+00 7.356524467468261719e-03 7.681655883789062500e-01 0.000000000000000000e+00 0.000000000000000000e+00
3.790974617004394531e-02 2.599172353744506836e+00 0.000000000000000000e+00 0.000000000000000000e+00 0.000000000000000000e+00 0.000000000000000000e+00 8.395195007324218750e-03 0.000000000000000000e+00 6.079673767089843750e-03 7.772784233093261719e-01 0.000000000000000000e+00 0.000000000000000000e+00
5.273115634918212891e-02 2.585519552230834961e+00 0.000000000000000000e+00 0.000000000000000000e+00 0.000000000000000000e+00 0.000000000000000000e+00 2.050960063934326172e-02 0.000000000000000000e+00 4.774540662765502930e-03 7.866590023040771484e-01 0.000000000000000000e+00 0.000000000000000000e+00
6.778240203857421875e-02 2.571853876113891602e+00 0.000000000000000000e+00 0.000000000000000000e+00 0.000000000000000000e+00 0.000000000000000000e+00 3.283476829528808594e-02 0.000000000000000000e+00 3.497511148452758789e-03 7.957730293273925781e-01 0.000000000000000000e+00 0.000000000000000000e+00
7.848811149597167969e-02 2.558679580688476562e+00 0.000000000000000000e+00 0.000000000000000000e+00 0.000000000000000000e+00 0.000000000000000000e+00 4.141986370086669922e-02 0.000000000000000000e+00 2.059847116470336914e-03 8.061819076538085938e-01 0.000000000000000000e+00 0.000000000000000000e+00
8.764147758483886719e-02 2.545699357986450195e+00 0.000000000000000000e+00 0.000000000000000000e+00 0.000000000000000000e+00 0.000000000000000000e+00 4.868710041046142578e-02 0.000000000000000000e+00 5.927681922912597656e-04 8.167698383331298828e-01 0.000000000000000000e+00 0.000000000000000000e+00
9.667789936065673828e-02 2.532718896865844727e+00 0.000000000000000000e+00 0.000000000000000000e+00 0.000000000000000000e+00 0.000000000000000000e+00 5.584073066711425781e-02 0.000000000000000000e+00 0.000000000000000000e+00 8.275961875915527344e-01 0.000000000000000000e+00 0.000000000000000000e+00
1.058238744735717773e-01 2.519758462905883789e+00 0.000000000000000000e+00 0.000000000000000000e+00 0.000000000000000000e+00 0.000000000000000000e+00 6.310319900512695312e-02 0.000000000000000000e+00 0.000000000000000000e+00 8.381557464599609375e-01 0.000000000000000000e+00 0.000000000000000000e+00
1.148600578308105469e-01 2.506778001785278320e+00 0.000000000000000000e+00 0.000000000000000000e+00 0.000000000000000000e+00 0.000000000000000000e+00 7.025647163391113281e-02 0.000000000000000000e+00 0.000000000000000000e+00 8.489825725555419922e-01 0.000000000000000000e+00 0.000000000000000000e+00
1.234228610992431641e-01 2.493603467941284180e+00 0.000000000000000000e+00 0.000000000000000000e+00 0.000000000000000000e+00 0.000000000000000000e+00 7.720303535461425781e-02 0.000000000000000000e+00 0.000000000000000000e+00 8.618175983428955078e-01 0.000000000000000000e+00 0.000000000000000000e+00
1.320140361785888672e-01 2.480393409729003906e+00 0.000000000000000000e+00 0.000000000000000000e+00 0.000000000000000000e+00 0.000000000000000000e+00 8.422458171844482422e-02 0.000000000000000000e+00 0.000000000000000000e+00 8.747899532318115234e-01 0.000000000000000000e+00 0.000000000000000000e+00
1.405352354049682617e-01 2.467202186584472656e+00 0.000000000000000000e+00 0.000000000000000000e+00 0.000000000000000000e+00 0.000000000000000000e+00 9.115266799926757812e-02 0.000000000000000000e+00 0.000000000000000000e+00 8.878009319305419922e-01 0.000000000000000000e+00 0.000000000000000000e+00
1.491265296936035156e-01 2.453992128372192383e+00 0.000000000000000000e+00 0.000000000000000000e+00 0.000000000000000000e+00 0.000000000000000000e+00 9.817433357238769531e-02 0.000000000000000000e+00 0.000000000000000000e+00 9.007732868194580078e-01 0.000000000000000000e+00 0.000000000000000000e+00
1.576478481292724609e-01 2.440800666809082031e+00 0.000000000000000000e+00 0.000000000000000000e+00 0.000000000000000000e+00 0.000000000000000000e+00 1.051025390625000000e-01 0.000000000000000000e+00 0.000000000000000000e+00 9.137842655181884766e-01 0.000000000000000000e+00 0.000000000000000000e+00
1.662386655807495117e-01 2.427591085433959961e+00 0.000000000000000000e+00 0.000000000000000000e+00 0.000000000000000000e+00 0.000000000000000000e+00 1.121237277984619141e-01 0.000000000000000000e+00 0.000000000000000000e+00 9.267563819885253906e-01 0.000000000000000000e+00 0.000000000000000000e+00
1.747603416442871094e-01 2.414399147033691406e+00 0.000000000000000000e+00 0.000000000000000000e+00 0.000000000000000000e+00 0.000000000000000000e+00 1.190521717071533203e-01 0.000000000000000000e+00 0.000000000000000000e+00 9.397674798965454102e-01 0.000000000000000000e+00 0.000000000000000000e+00
1.833513975143432617e-01 2.401189327239990234e+00 0.000000000000000000e+00 0.000000000000000000e+00 0.000000000000000000e+00 0.000000000000000000e+00 1.260738372802734375e-01 0.000000000000000000e+00 0.000000000000000000e+00 9.527393579483032227e-01 0.000000000000000000e+00 0.000000000000000000e+00
1.918632984161376953e-01 2.388016700744628906e+00 0.000000000000000000e+00 0.000000000000000000e+00 0.000000000000000000e+00 0.000000000000000000e+00 1.329960823059082031e-01 0.000000000000000000e+00 0.000000000000000000e+00 9.657295942306518555e-01 0.000000000000000000e+00 0.000000000000000000e+00
2.003843784332275391e-01 2.374825716018676758e+00 0.000000000000000000e+00 0.000000000000000000e+00 0.000000000000000000e+00 0.000000000000000000e+00 1.399241685867309570e-01 0.000000000000000000e+00 0.000000000000000000e+00 9.787400960922241211e-01 0.000000000000000000e+00 0.000000000000000000e+00
2.089754343032836914e-01 2.361615657806396484e+00 0.000000000000000000e+00 0.000000000000000000e+00 0.000000000000000000e+00 0.000000000000000000e+00 1.469454765319824219e-01 0.000000000000000000e+00 0.000000000000000000e+00 9.917119741439819336e-01 0.000000000000000000e+00 0.000000000000000000e+00
2.174967527389526367e-01 2.348424434661865234e+00 0.000000000000000000e+00 0.000000000000000000e+00 0.000000000000000000e+00 0.000000000000000000e+00 1.538736820220947266e-01 0.000000000000000000e+00 0.000000000000000000e+00 1.004723310470581055e+00 0.000000000000000000e+00 0.000000000000000000e+00
2.260881662368774414e-01 2.335214138031005859e+00 0.000000000000000000e+00 0.000000000000000000e+00 0.000000000000000000e+00 0.000000000000000000e+00 1.608955860137939453e-01 0.000000000000000000e+00 0.000000000000000000e+00 1.017695307731628418e+00 0.000000000000000000e+00 0.000000000000000000e+00
2.346093654632568359e-01 2.322022676467895508e+00 0.000000000000000000e+00 0.000000000000000000e+00 0.000000000000000000e+00 0.000000000000000000e+00 1.678236722946166992e-01 0.000000000000000000e+00 0.000000000000000000e+00 1.030706763267517090e+00 0.000000000000000000e+00 0.000000000000000000e+00
2.432004213333129883e-01 2.308812856674194336e+00 0.000000000000000000e+00 0.000000000000000000e+00 0.000000000000000000e+00 0.000000000000000000e+00 1.748452186584472656e-01 0.000000000000000000e+00 0.000000000000000000e+00 1.043678522109985352e+00 0.000000000000000000e+00 0.000000000000000000e+00
2.517218589782714844e-01 2.295621156692504883e+00 0.000000000000000000e+00 0.000000000000000000e+00 0.000000000000000000e+00 0.000000000000000000e+00 1.817735433578491211e-01 0.000000000000000000e+00 0.000000000000000000e+00 1.056690096855163574e+00 0.000000000000000000e+00 0.000000000000000000e+00
2.603222131729125977e-01 2.282392501831054688e+00 0.000000000000000000e+00 0.000000000000000000e+00 0.000000000000000000e+00 0.000000000000000000e+00 1.888005733489990234e-01 0.000000000000000000e+00 0.000000000000000000e+00 1.069683313369750977e+00 0.000000000000000000e+00 0.000000000000000000e+00
2.688527107238769531e-01 2.269182443618774414e+00 0.000000000000000000e+00 0.000000000000000000e+00 0.000000000000000000e+00 0.000000000000000000e+00 1.957347393035888672e-01 0.000000000000000000e+00 0.000000000000000000e+00 1.082715630531311035e+00 0.000000000000000000e+00 0.000000000000000000e+00
2.773830890655517578e-01 2.255972623825073242e+00 0.000000000000000000e+00 0.000000000000000000e+00 0.000000000000000000e+00 0.000000000000000000e+00 2.026683092117309570e-01 0.000000000000000000e+00 0.000000000000000000e+00 1.095748305320739746e+00 0.000000000000000000e+00 0.000000000000000000e+00
2.859836816787719727e-01 2.242743492126464844e+00 0.000000000000000000e+00 0.000000000000000000e+00 0.000000000000000000e+00 0.000000000000000000e+00 2.096958160400390625e-01 0.000000000000000000e+00 0.000000000000000000e+00 1.108742117881774902e+00 0.000000000000000000e+00 0.000000000000000000e+00
2.944213151931762695e-01 2.229721069335937500e+00 0.000000000000000000e+00 0.000000000000000000e+00 0.000000000000000000e+00 0.000000000000000000e+00 2.165721654891967773e-01 0.000000000000000000e+00 0.000000000000000000e+00 1.121560931205749512e+00 0.000000000000000000e+00 0.000000000000000000e+00
3.029489517211914062e-01 2.216778755187988281e+00 0.000000000000000000e+00 0.000000000000000000e+00 0.000000000000000000e+00 0.000000000000000000e+00 2.235648632049560547e-01 0.000000000000000000e+00 0.000000000000000000e+00 1.134531497955322266e+00 0.000000000000000000e+00 0.000000000000000000e+00
3.111922740936279297e-01 2.204701185226440430e+00 0.000000000000000000e+00 0.000000000000000000e+00 0.000000000000000000e+00 0.000000000000000000e+00 2.303619384765625000e-01 0.000000000000000000e+00 0.000000000000000000e+00 1.147476792335510254e+00 0.000000000000000000e+00 0.000000000000000000e+00
3.194940090179443359e-01 2.192649602890014648e+00 0.000000000000000000e+00 0.000000000000000000e+00 0.000000000000000000e+00 0.000000000000000000e+00 2.372468709945678711e-01 0.000000000000000000e+00 0.000000000000000000e+00 1.160378932952880859e+00 0.000000000000000000e+00 0.000000000000000000e+00
3.277368545532226562e-01 2.180572509765625000e+00 0.000000000000000000e+00 0.000000000000000000e+00 0.000000000000000000e+00 0.000000000000000000e+00 2.440437078475952148e-01 0.000000000000000000e+00 0.000000000000000000e+00 1.173323869705200195e+00 0.000000000000000000e+00 0.000000000000000000e+00
3.361952304840087891e-01 2.168212652206420898e+00 0.000000000000000000e+00 0.000000000000000000e+00 0.000000000000000000e+00 0.000000000000000000e+00 2.510521411895751953e-01 0.000000000000000000e+00 0.000000000000000000e+00 1.186579942703247070e+00 0.000000000000000000e+00 0.000000000000000000e+00
3.457676172256469727e-01 2.153517007827758789e+00 0.000000000000000000e+00 0.000000000000000000e+00 0.000000000000000000e+00 0.000000000000000000e+00 2.588973045349121094e-01 0.000000000000000000e+00 0.000000000000000000e+00 1.202529072761535645e+00 0.000000000000000000e+00 0.000000000000000000e+00
3.553397655487060547e-01 2.138821601867675781e+00 0.000000000000000000e+00 0.000000000000000000e+00 0.000000000000000000e+00 0.000000000000000000e+00 2.667424678802490234e-01 0.000000000000000000e+00 0.000000000000000000e+00 1.218478202819824219e+00 0.000000000000000000e+00 0.000000000000000000e+00
3.649830818176269531e-01 2.124127864837646484e+00 0.000000000000000000e+00 0.000000000000000000e+00 0.000000000000000000e+00 0.000000000000000000e+00 2.746853828430175781e-01 0.000000000000000000e+00 0.000000000000000000e+00 1.234411716461181641e+00 0.000000000000000000e+00 0.000000000000000000e+00
3.744474649429321289e-01 2.109652519226074219e+00 0.000000000000000000e+00 0.000000000000000000e+00 0.000000000000000000e+00 0.000000000000000000e+00 2.824616432189941406e-01 0.000000000000000000e+00 0.000000000000000000e+00 1.250115036964416504e+00 0.000000000000000000e+00 0.000000000000000000e+00
3.840906620025634766e-01 2.094958782196044922e+00 0.000000000000000000e+00 0.000000000000000000e+00 0.000000000000000000e+00 0.000000000000000000e+00 2.904043197631835938e-01 0.000000000000000000e+00 0.000000000000000000e+00 1.266048908233642578e+00 0.000000000000000000e+00 0.000000000000000000e+00
3.936629295349121094e-01 2.080263376235961914e+00 0.000000000000000000e+00 0.000000000000000000e+00 0.000000000000000000e+00 0.000000000000000000e+00 2.982497215270996094e-01 0.000000000000000000e+00 0.000000000000000000e+00 1.281997919082641602e+00 0.000000000000000000e+00 0.000000000000000000e+00
4.033062458038330078e-01 2.065569162368774414e+00 0.000000000000000000e+00 0.000000000000000000e+00 0.000000000000000000e+00 0.000000000000000000e+00 3.061925172805786133e-01 0.000000000000000000e+00 0.000000000000000000e+00 1.297932386398315430e+00 0.000000000000000000e+00 0.000000000000000000e+00
4.128785133361816406e-01 2.050873994827270508e+00 0.000000000000000000e+00 0.000000000000000000e+00 0.000000000000000000e+00 0.000000000000000000e+00 3.140375614166259766e-01 0.000000000000000000e+00 0.000000000000000000e+00 1.313880920410156250e+00 0.000000000000000000e+00 0.000000000000000000e+00
4.225215911865234375e-01 2.036180257797241211e+00 0.000000000000000000e+00 0.000000000000000000e+00 0.000000000000000000e+00 0.000000000000000000e+00 3.219804763793945312e-01 0.000000000000000000e+00 0.000000000000000000e+00 1.329814553260803223e+00 0.000000000000000000e+00 0.000000000000000000e+00
4.320940971374511719e-01 2.021484613418579102e+00 0.000000000000000000e+00 0.000000000000000000e+00 0.000000000000000000e+00 0.000000000000000000e+00 3.298258781433105469e-01 0.000000000000000000e+00 0.000000000000000000e+00 1.345763444900512695e+00 0.000000000000000000e+00 0.000000000000000000e+00
4.416664838790893555e-01 2.006789207458496094e+00 0.000000000000000000e+00 0.000000000000000000e+00 0.000000000000000000e+00 0.000000000000000000e+00 3.376710414886474609e-01 0.000000000000000000e+00 0.000000000000000000e+00 1.361712694168090820e+00 0.000000000000000000e+00 0.000000000000000000e+00
4.513094425201416016e-01 1.992095828056335449e+00 0.000000000000000000e+00 0.000000000000000000e+00 0.000000000000000000e+00 0.000000000000000000e+00 3.456137180328369141e-01 0.000000000000000000e+00 0.000000000000000000e+00 1.377645969390869141e+00 0.000000000000000000e+00 0.000000000000000000e+00
4.606858491897583008e-01 1.977726101875305176e+00 0.000000000000000000e+00 0.000000000000000000e+00 0.000000000000000000e+00 0.000000000000000000e+00 3.534929752349853516e-01 0.000000000000000000e+00 0.000000000000000000e+00 1.393476963043212891e+00 0.000000000000000000e+00 0.000000000000000000e+00
4.698573350906372070e-01 1.961919069290161133e+00 0.000000000000000000e+00 0.000000000000000000e+00 0.000000000000000000e+00 0.000000000000000000e+00 3.617258071899414062e-01 0.000000000000000000e+00 0.000000000000000000e+00 1.407071828842163086e+00 0.000000000000000000e+00 0.000000000000000000e+00
4.788315296173095703e-01 1.945675015449523926e+00 0.000000000000000000e+00 0.000000000000000000e+00 0.000000000000000000e+00 0.000000000000000000e+00 3.699163198471069336e-01 0.000000000000000000e+00 0.000000000000000000e+00 1.419809579849243164e+00 0.000000000000000000e+00 0.000000000000000000e+00
4.878712892532348633e-01 1.929409146308898926e+00 0.000000000000000000e+00 0.000000000000000000e+00 0.000000000000000000e+00 0.000000000000000000e+00 3.782069683074951172e-01 0.000000000000000000e+00 0.000000000000000000e+00 1.432486176490783691e+00 0.000000000000000000e+00 0.000000000000000000e+00
4.968458414077758789e-01 1.913164973258972168e+00 0.000000000000000000e+00 0.000000000000000000e+00 0.000000000000000000e+00 0.000000000000000000e+00 3.863977789878845215e-01 0.000000000000000000e+00 0.000000000000000000e+00 1.445223689079284668e+00 0.000000000000000000e+00 0.000000000000000000e+00
5.058856010437011719e-01 1.896899104118347168e+00 0.000000000000000000e+00 0.000000000000000000e+00 0.000000000000000000e+00 0.000000000000000000e+00 3.946882486343383789e-01 0.000000000000000000e+00 0.000000000000000000e+00 1.457900643348693848e+00 0.000000000000000000e+00 0.000000000000000000e+00
5.148596763610839844e-01 1.880655288696289062e+00 0.000000000000000000e+00 0.000000000000000000e+00 0.000000000000000000e+00 0.000000000000000000e+00 4.028788208961486816e-01 0.000000000000000000e+00 0.000000000000000000e+00 1.470637798309326172e+00 0.000000000000000000e+00 0.000000000000000000e+00
5.238341093063354492e-01 1.864411473274230957e+00 0.000000000000000000e+00 0.000000000000000000e+00 0.000000000000000000e+00 0.000000000000000000e+00 4.110695123672485352e-01 0.000000000000000000e+00 0.000000000000000000e+00 1.483375072479248047e+00 0.000000000000000000e+00 0.000000000000000000e+00
5.321270227432250977e-01 1.848885774612426758e+00 0.000000000000000000e+00 0.000000000000000000e+00 0.000000000000000000e+00 0.000000000000000000e+00 4.187567234039306641e-01 0.000000000000000000e+00 0.000000000000000000e+00 1.495806694030761719e+00 0.000000000000000000e+00 0.000000000000000000e+00
5.402542352676391602e-01 1.833611965179443359e+00 0.000000000000000000e+00 0.000000000000000000e+00 0.000000000000000000e+00 0.000000000000000000e+00 4.262721538543701172e-01 0.000000000000000000e+00 0.000000000000000000e+00 1.508079528808593750e+00 0.000000000000000000e+00 0.000000000000000000e+00
5.485287904739379883e-01 1.818104505538940430e+00 0.000000000000000000e+00 0.000000000000000000e+00 0.000000000000000000e+00 0.000000000000000000e+00 4.339442849159240723e-01 0.000000000000000000e+00 0.000000000000000000e+00 1.520505428314208984e+00 0.000000000000000000e+00 0.000000000000000000e+00
5.567216873168945312e-01 1.802628278732299805e+00 0.000000000000000000e+00 0.000000000000000000e+00 0.000000000000000000e+00 0.000000000000000000e+00 4.414920806884765625e-01 0.000000000000000000e+00 0.000000000000000000e+00 1.532963037490844727e+00 0.000000000000000000e+00 0.000000000000000000e+00
5.645356178283691406e-01 1.787483811378479004e+00 0.000000000000000000e+00 0.000000000000000000e+00 0.000000000000000000e+00 0.000000000000000000e+00 4.486311078071594238e-01 0.000000000000000000e+00 0.000000000000000000e+00 1.544923305511474609e+00 0.000000000000000000e+00 0.000000000000000000e+00
5.723075866699218750e-01 1.772338986396789551e+00 0.000000000000000000e+00 0.000000000000000000e+00 0.000000000000000000e+00 0.000000000000000000e+00 4.556916952133178711e-01 0.000000000000000000e+00 0.000000000000000000e+00 1.556955456733703613e+00 0.000000000000000000e+00 0.000000000000000000e+00
5.801215171813964844e-01 1.757193684577941895e+00 0.000000000000000000e+00 0.000000000000000000e+00 0.000000000000000000e+00 0.000000000000000000e+00 4.628307819366455078e-01 0.000000000000000000e+00 0.000000000000000000e+00 1.568916559219360352e+00 0.000000000000000000e+00 0.000000000000000000e+00
5.878933668136596680e-01 1.742049336433410645e+00 0.000000000000000000e+00 0.000000000000000000e+00 0.000000000000000000e+00 0.000000000000000000e+00 4.698910117149353027e-01 0.000000000000000000e+00 0.000000000000000000e+00 1.580948948860168457e+00 0.000000000000000000e+00 0.000000000000000000e+00
5.956655740737915039e-01 1.726904392242431641e+00 0.000000000000000000e+00 0.000000000000000000e+00 0.000000000000000000e+00 0.000000000000000000e+00 4.769517779350280762e-01 0.000000000000000000e+00 0.000000000000000000e+00 1.592981576919555664e+00 0.000000000000000000e+00 0.000000000000000000e+00
6.034792661666870117e-01 1.711759924888610840e+00 0.000000000000000000e+00 0.000000000000000000e+00 0.000000000000000000e+00 0.000000000000000000e+00 4.840906858444213867e-01 0.000000000000000000e+00 0.000000000000000000e+00 1.604941844940185547e+00 0.000000000000000000e+00 0.000000000000000000e+00
6.111559867858886719e-01 1.696841120719909668e+00 0.000000000000000000e+00 0.000000000000000000e+00 0.000000000000000000e+00 0.000000000000000000e+00 4.910845756530761719e-01 0.000000000000000000e+00 0.000000000000000000e+00 1.616759419441223145e+00 0.000000000000000000e+00 0.000000000000000000e+00
6.189700365066528320e-01 1.681696295738220215e+00 0.000000000000000000e+00 0.000000000000000000e+00 0.000000000000000000e+00 0.000000000000000000e+00 4.982239603996276855e-01 0.000000000000000000e+00 0.000000000000000000e+00 1.628719687461853027e+00 0.000000000000000000e+00 0.000000000000000000e+00
6.267417669296264648e-01 1.666551828384399414e+00 0.000000000000000000e+00 0.000000000000000000e+00 0.000000000000000000e+00 0.000000000000000000e+00 5.052841901779174805e-01 0.000000000000000000e+00 0.000000000000000000e+00 1.640752196311950684e+00 0.000000000000000000e+00 0.000000000000000000e+00
6.345559358596801758e-01 1.651406884193420410e+00 0.000000000000000000e+00 0.000000000000000000e+00 0.000000000000000000e+00 0.000000000000000000e+00 5.124235749244689941e-01 0.000000000000000000e+00 0.000000000000000000e+00 1.652712821960449219e+00 0.000000000000000000e+00 0.000000000000000000e+00
6.423277854919433594e-01 1.636262059211730957e+00 0.000000000000000000e+00 0.000000000000000000e+00 0.000000000000000000e+00 0.000000000000000000e+00 5.194839239120483398e-01 0.000000000000000000e+00 0.000000000000000000e+00 1.664745211601257324e+00 0.000000000000000000e+00 0.000000000000000000e+00
6.501419544219970703e-01 1.621117115020751953e+00 0.000000000000000000e+00 0.000000000000000000e+00 0.000000000000000000e+00 0.000000000000000000e+00 5.266232490539550781e-01 0.000000000000000000e+00 0.000000000000000000e+00 1.676705837249755859e+00 0.000000000000000000e+00 0.000000000000000000e+00
6.579135656356811523e-01 1.605972766876220703e+00 0.000000000000000000e+00 0.000000000000000000e+00 0.000000000000000000e+00 0.000000000000000000e+00 5.336834788322448730e-01 0.000000000000000000e+00 0.000000000000000000e+00 1.688737988471984863e+00 0.000000000000000000e+00 0.000000000000000000e+00
6.656854152679443359e-01 1.590828299522399902e+00 0.000000000000000000e+00 0.000000000000000000e+00 0.000000000000000000e+00 0.000000000000000000e+00 5.407437086105346680e-01 0.000000000000000000e+00 0.000000000000000000e+00 1.700770616531372070e+00 0.000000000000000000e+00 0.000000000000000000e+00
6.732664108276367188e-01 1.575026750564575195e+00 0.000000000000000000e+00 0.000000000000000000e+00 0.000000000000000000e+00 0.000000000000000000e+00 5.482065677642822266e-01 0.000000000000000000e+00 0.000000000000000000e+00 1.712928891181945801e+00 0.000000000000000000e+00 0.000000000000000000e+00
6.794323325157165527e-01 1.555856227874755859e+00 0.000000000000000000e+00 0.000000000000000000e+00 0.000000000000000000e+00 0.000000000000000000e+00 5.572957396507263184e-01 0.000000000000000000e+00 0.000000000000000000e+00 1.726026773452758789e+00 0.000000000000000000e+00 0.000000000000000000e+00
6.857019066810607910e-01 1.536365151405334473e+00 0.000000000000000000e+00 0.000000000000000000e+00 0.000000000000000000e+00 0.000000000000000000e+00 5.665768384933471680e-01 0.000000000000000000e+00 0.000000000000000000e+00 1.739295601844787598e+00 0.000000000000000000e+00 0.000000000000000000e+00
6.919510960578918457e-01 1.516933321952819824e+00 0.000000000000000000e+00 0.000000000000000000e+00 0.000000000000000000e+00 0.000000000000000000e+00 5.757497549057006836e-01 0.000000000000000000e+00 0.000000000000000000e+00 1.752619624137878418e+00 0.000000000000000000e+00 0.000000000000000000e+00
6.982206702232360840e-01 1.497442603111267090e+00 0.000000000000000000e+00 0.000000000000000000e+00 0.000000000000000000e+00 0.000000000000000000e+00 5.850306749343872070e-01 0.000000000000000000e+00 0.000000000000000000e+00 1.765888929367065430e+00 0.000000000000000000e+00 0.000000000000000000e+00
7.044698596000671387e-01 1.478010773658752441e+00 0.000000000000000000e+00 0.000000000000000000e+00 0.000000000000000000e+00 0.000000000000000000e+00 5.942036509513854980e-01 0.000000000000000000e+00 0.000000000000000000e+00 1.779212474822998047e+00 0.000000000000000000e+00 0.000000000000000000e+00
7.107394933700561523e-01 1.458519577980041504e+00 0.000000000000000000e+00 0.000000000000000000e+00 0.000000000000000000e+00 0.000000000000000000e+00 6.034848690032958984e-01 0.000000000000000000e+00 0.000000000000000000e+00 1.792481660842895508e+00 0.000000000000000000e+00 0.000000000000000000e+00
7.169885635375976562e-01 1.439088344573974609e+00 0.000000000000000000e+00 0.000000000000000000e+00 0.000000000000000000e+00 0.000000000000000000e+00 6.126574873924255371e-01 0.000000000000000000e+00 0.000000000000000000e+00 1.805805325508117676e+00 0.000000000000000000e+00 0.000000000000000000e+00
7.232375741004943848e-01 1.419657111167907715e+00 0.000000000000000000e+00 0.000000000000000000e+00 0.000000000000000000e+00 0.000000000000000000e+00 6.218302845954895020e-01 0.000000000000000000e+00 0.000000000000000000e+00 1.819128751754760742e+00 0.000000000000000000e+00 0.000000000000000000e+00
7.295073270797729492e-01 1.400165915489196777e+00 0.000000000000000000e+00 0.000000000000000000e+00 0.000000000000000000e+00 0.000000000000000000e+00 6.311115026473999023e-01 0.000000000000000000e+00 0.000000000000000000e+00 1.832398176193237305e+00 0.000000000000000000e+00 0.000000000000000000e+00
7.356733083724975586e-01 1.380995273590087891e+00 0.000000000000000000e+00 0.000000000000000000e+00 0.000000000000000000e+00 0.000000000000000000e+00 6.402007341384887695e-01 0.000000000000000000e+00 0.000000000000000000e+00 1.845495939254760742e+00 0.000000000000000000e+00 0.000000000000000000e+00
7.419430017471313477e-01 1.361503481864929199e+00 0.000000000000000000e+00 0.000000000000000000e+00 0.000000000000000000e+00 0.000000000000000000e+00 6.494818925857543945e-01 0.000000000000000000e+00 0.000000000000000000e+00 1.858765602111816406e+00 0.000000000000000000e+00 0.000000000000000000e+00
7.481918931007385254e-01 1.342072725296020508e+00 0.000000000000000000e+00 0.000000000000000000e+00 0.000000000000000000e+00 0.000000000000000000e+00 6.586544513702392578e-01 0.000000000000000000e+00 0.000000000000000000e+00 1.872088789939880371e+00 0.000000000000000000e+00 0.000000000000000000e+00
7.544615864753723145e-01 1.322581410408020020e+00 0.000000000000000000e+00 0.000000000000000000e+00 0.000000000000000000e+00 0.000000000000000000e+00 6.679356098175048828e-01 0.000000000000000000e+00 0.000000000000000000e+00 1.885357975959777832e+00 0.000000000000000000e+00 0.000000000000000000e+00
7.607107162475585938e-01 1.303149819374084473e+00 0.000000000000000000e+00 0.000000000000000000e+00 0.000000000000000000e+00 0.000000000000000000e+00 6.771085858345031738e-01 0.000000000000000000e+00 0.000000000000000000e+00 1.898681879043579102e+00 0.000000000000000000e+00 0.000000000000000000e+00
7.669801712036132812e-01 1.283659100532531738e+00 0.000000000000000000e+00 0.000000000000000000e+00 0.000000000000000000e+00 0.000000000000000000e+00 6.863895654678344727e-01 0.000000000000000000e+00 0.000000000000000000e+00 1.911950469017028809e+00 0.000000000000000000e+00 0.000000000000000000e+00
7.732293605804443359e-01 1.264227390289306641e+00 0.000000000000000000e+00 0.000000000000000000e+00 0.000000000000000000e+00 0.000000000000000000e+00 6.955623626708984375e-01 0.000000000000000000e+00 0.000000000000000000e+00 1.925274610519409180e+00 0.000000000000000000e+00 0.000000000000000000e+00
7.794785499572753906e-01 1.244795918464660645e+00 0.000000000000000000e+00 0.000000000000000000e+00 0.000000000000000000e+00 0.000000000000000000e+00 7.047352790832519531e-01 0.000000000000000000e+00 0.000000000000000000e+00 1.938598394393920898e+00 0.000000000000000000e+00 0.000000000000000000e+00
7.857481241226196289e-01 1.225304841995239258e+00 0.000000000000000000e+00 0.000000000000000000e+00 0.000000000000000000e+00 0.000000000000000000e+00 7.140164375305175781e-01 0.000000000000000000e+00 0.000000000000000000e+00 1.951867341995239258e+00 0.000000000000000000e+00 0.000000000000000000e+00
7.919141650199890137e-01 1.206134080886840820e+00 0.000000000000000000e+00 0.000000000000000000e+00 0.000000000000000000e+00 0.000000000000000000e+00 7.231056690216064453e-01 0.000000000000000000e+00 0.000000000000000000e+00 1.964965343475341797e+00 0.000000000000000000e+00 0.000000000000000000e+00
7.981839179992675781e-01 1.186642289161682129e+00 0.000000000000000000e+00 0.000000000000000000e+00 0.000000000000000000e+00 0.000000000000000000e+00 7.323870062828063965e-01 0.000000000000000000e+00 0.000000000000000000e+00 1.978234767913818359e+00 0.000000000000000000e+00 0.000000000000000000e+00
8.044326305389404297e-01 1.167211890220642090e+00 0.000000000000000000e+00 0.000000000000000000e+00 0.000000000000000000e+00 0.000000000000000000e+00 7.415593862533569336e-01 0.000000000000000000e+00 0.000000000000000000e+00 1.991557836532592773e+00 0.000000000000000000e+00 0.000000000000000000e+00
8.107025623321533203e-01 1.147720098495483398e+00 0.000000000000000000e+00 0.000000000000000000e+00 0.000000000000000000e+00 0.000000000000000000e+00 7.508408427238464355e-01 0.000000000000000000e+00 0.000000000000000000e+00 2.004827499389648438e+00 0.000000000000000000e+00 0.000000000000000000e+00
8.169516324996948242e-01 1.128288745880126953e+00 0.000000000000000000e+00 0.000000000000000000e+00 0.000000000000000000e+00 0.000000000000000000e+00 7.600135803222656250e-01 0.000000000000000000e+00 0.000000000000000000e+00 2.018150806427001953e+00 0.000000000000000000e+00 0.000000000000000000e+00
8.232213854789733887e-01 1.108797311782836914e+00 0.000000000000000000e+00 0.000000000000000000e+00 0.000000000000000000e+00 0.000000000000000000e+00 7.692947387695312500e-01 0.000000000000000000e+00 0.000000000000000000e+00 2.031420230865478516e+00 0.000000000000000000e+00 0.000000000000000000e+00
8.294703364372253418e-01 1.089366316795349121e+00 0.000000000000000000e+00 0.000000000000000000e+00 0.000000000000000000e+00 0.000000000000000000e+00 7.784674763679504395e-01 0.000000000000000000e+00 0.000000000000000000e+00 2.044744014739990234e+00 0.000000000000000000e+00 0.000000000000000000e+00
8.357399702072143555e-01 1.069875121116638184e+00 0.000000000000000000e+00 0.000000000000000000e+00 0.000000000000000000e+00 0.000000000000000000e+00 7.877484560012817383e-01 0.000000000000000000e+00 0.000000000000000000e+00 2.058012962341308594e+00 0.000000000000000000e+00 0.000000000000000000e+00
8.419890999794006348e-01 1.050443649291992188e+00 0.000000000000000000e+00 0.000000000000000000e+00 0.000000000000000000e+00 0.000000000000000000e+00 7.969213724136352539e-01 0.000000000000000000e+00 0.000000000000000000e+00 2.071336746215820312e+00 0.000000000000000000e+00 0.000000000000000000e+00
8.481550216674804688e-01 1.031272649765014648e+00 0.000000000000000000e+00 0.000000000000000000e+00 0.000000000000000000e+00 0.000000000000000000e+00 8.060109615325927734e-01 0.000000000000000000e+00 0.000000000000000000e+00 2.084434509277343750e+00 0.000000000000000000e+00 0.000000000000000000e+00
8.545213937759399414e-01 1.011601090431213379e+00 0.000000000000000000e+00 0.000000000000000000e+00 0.000000000000000000e+00 0.000000000000000000e+00 8.152811527252197266e-01 0.000000000000000000e+00 0.000000000000000000e+00 2.097784996032714844e+00 0.000000000000000000e+00 0.000000000000000000e+00
8.609495162963867188e-01 9.918358325958251953e-01 0.000000000000000000e+00 0.000000000000000000e+00 0.000000000000000000e+00 0.000000000000000000e+00 8.244344592094421387e-01 0.000000000000000000e+00 0.000000000000000000e+00 2.111258506774902344e+00 0.000000000000000000e+00 0.000000000000000000e+00
8.673200607299804688e-01 9.724377393722534180e-01 0.000000000000000000e+00 0.000000000000000000e+00 0.000000000000000000e+00 0.000000000000000000e+00 8.335303068161010742e-01 0.000000000000000000e+00 0.000000000000000000e+00 2.124335765838623047e+00 0.000000000000000000e+00 0.000000000000000000e+00
8.736459016799926758e-01 9.532449245452880859e-01 0.000000000000000000e+00 0.000000000000000000e+00 0.000000000000000000e+00 0.000000000000000000e+00 8.424580097198486328e-01 0.000000000000000000e+00 0.000000000000000000e+00 2.137348651885986328e+00 0.000000000000000000e+00 0.000000000000000000e+00
8.799937963485717773e-01 9.339740276336669922e-01 0.000000000000000000e+00 0.000000000000000000e+00 0.000000000000000000e+00 0.000000000000000000e+00 8.515034914016723633e-01 0.000000000000000000e+00 0.000000000000000000e+00 2.150323152542114258e+00 0.000000000000000000e+00 0.000000000000000000e+00
8.863193988800048828e-01 9.147813916206359863e-01 0.000000000000000000e+00 0.000000000000000000e+00 0.000000000000000000e+00 0.000000000000000000e+00 8.604313135147094727e-01 0.000000000000000000e+00 0.000000000000000000e+00 2.163335561752319336e+00 0.000000000000000000e+00 0.000000000000000000e+00
8.926671743392944336e-01 8.955110311508178711e-01 0.000000000000000000e+00 0.000000000000000000e+00 0.000000000000000000e+00 0.000000000000000000e+00 8.694767355918884277e-01 0.000000000000000000e+00 0.000000000000000000e+00 2.176309585571289062e+00 0.000000000000000000e+00 0.000000000000000000e+00
8.989930748939514160e-01 8.763175010681152344e-01 0.000000000000000000e+00 0.000000000000000000e+00 0.000000000000000000e+00 0.000000000000000000e+00 8.784048557281494141e-01 0.000000000000000000e+00 0.000000000000000000e+00 2.189322948455810547e+00 0.000000000000000000e+00 0.000000000000000000e+00
9.046946763992309570e-01 8.573256731033325195e-01 0.000000000000000000e+00 0.000000000000000000e+00 0.000000000000000000e+00 0.000000000000000000e+00 8.867694139480590820e-01 0.000000000000000000e+00 0.000000000000000000e+00 2.202081203460693359e+00 0.000000000000000000e+00 0.000000000000000000e+00
9.102046489715576172e-01 8.379828929901123047e-01 0.000000000000000000e+00 0.000000000000000000e+00 0.000000000000000000e+00 0.000000000000000000e+00 8.950588703155517578e-01 0.000000000000000000e+00 0.000000000000000000e+00 2.214990615844726562e+00 0.000000000000000000e+00 0.000000000000000000e+00
9.156954288482666016e-01 8.187162876129150391e-01 0.000000000000000000e+00 0.000000000000000000e+00 0.000000000000000000e+00 0.000000000000000000e+00 9.032335281372070312e-01 0.000000000000000000e+00 0.000000000000000000e+00 2.227939844131469727e+00 0.000000000000000000e+00 0.000000000000000000e+00
9.212056398391723633e-01 7.993730306625366211e-01 0.000000000000000000e+00 0.000000000000000000e+00 0.000000000000000000e+00 0.000000000000000000e+00 9.115231037139892578e-01 0.000000000000000000e+00 0.000000000000000000e+00 2.240849733352661133e+00 0.000000000000000000e+00 0.000000000000000000e+00
9.266962409019470215e-01 7.801073789596557617e-01 0.000000000000000000e+00 0.000000000000000000e+00 3.796145319938659668e-03 0.000000000000000000e+00 9.196975231170654297e-01 0.000000000000000000e+00 0.000000000000000000e+00 2.253798246383666992e+00 0.000000000000000000e+00 0.000000000000000000e+00
9.322062134742736816e-01 7.607643604278564453e-01 0.000000000000000000e+00 0.000000000000000000e+00 8.816137909889221191e-03 0.000000000000000000e+00 9.279867410659790039e-01 0.000000000000000000e+00 0.000000000000000000e+00 2.266708135604858398e+00 0.000000000000000000e+00 0.000000000000000000e+00
9.377091526985168457e-01 7.423945665359497070e-01 0.000000000000000000e+00 0.000000000000000000e+00 1.385542750358581543e-02 0.000000000000000000e+00 9.363913536071777344e-01 0.000000000000000000e+00 0.000000000000000000e+00 2.278530359268188477e+00 0.000000000000000000e+00 0.000000000000000000e+00
9.443811178207397461e-01 7.253115177154541016e-01 0.000000000000000000e+00 0.000000000000000000e+00 1.975084841251373291e-02 0.000000000000000000e+00 9.469462037086486816e-01 0.000000000000000000e+00 0.000000000000000000e+00 2.287231445312500000e+00 0.000000000000000000e+00 0.000000000000000000e+00
9.523892402648925781e-01 7.072862982749938965e-01 0.000000000000000000e+00 0.000000000000000000e+00 2.638128399848937988e-02 0.000000000000000000e+00 9.591658115386962891e-01 0.000000000000000000e+00 0.000000000000000000e+00 2.295594215393066406e+00 0.000000000000000000e+00 0.000000000000000000e+00
9.602922201156616211e-01 6.894994974136352539e-01 0.000000000000000000e+00 0.000000000000000000e+00 3.293944895267486572e-02 0.000000000000000000e+00 9.712681770324707031e-01 0.000000000000000000e+00 0.000000000000000000e+00 2.303797960281372070e+00 0.000000000000000000e+00 0.000000000000000000e+00
9.683292508125305176e-01 6.714127659797668457e-01 0.000000000000000000e+00 0.000000000000000000e+00 3.962394595146179199e-02 0.000000000000000000e+00 9.836200475692749023e-01 0.000000000000000000e+00 0.000000000000000000e+00 2.312091112136840820e+00 0.000000000000000000e+00 0.000000000000000000e+00
9.763375520706176758e-01 6.533869504928588867e-01 0.000000000000000000e+00 0.000000000000000000e+00 4.625459015369415283e-02 0.000000000000000000e+00 9.958400726318359375e-01 0.000000000000000000e+00 0.000000000000000000e+00 2.320453882217407227e+00 0.000000000000000000e+00 0.000000000000000000e+00
9.843748211860656738e-01 6.352996826171875000e-01 0.000000000000000000e+00 0.000000000000000000e+00 5.293919146060943604e-02 0.000000000000000000e+00 1.008192181587219238e+00 0.000000000000000000e+00 0.000000000000000000e+00 2.328747510910034180e+00 0.000000000000000000e+00 0.000000000000000000e+00
9.923830032348632812e-01 6.172742247581481934e-01 0.000000000000000000e+00 0.000000000000000000e+00 5.956970155239105225e-02 0.000000000000000000e+00 1.020411729812622070e+00 0.000000000000000000e+00 0.000000000000000000e+00 2.337110280990600586e+00 0.000000000000000000e+00 0.000000000000000000e+00
1.000420093536376953e+00 5.991873145103454590e-01 0.000000000000000000e+00 0.000000000000000000e+00 6.625428795814514160e-02 0.000000000000000000e+00 1.032763957977294922e+00 0.000000000000000000e+00 0.000000000000000000e+00 2.345403432846069336e+00 0.000000000000000000e+00 0.000000000000000000e+00
1.008428335189819336e+00 5.811617970466613770e-01 0.000000000000000000e+00 0.000000000000000000e+00 7.288481295108795166e-02 0.000000000000000000e+00 1.044983506202697754e+00 0.000000000000000000e+00 0.000000000000000000e+00 2.353766202926635742e+00 0.000000000000000000e+00 0.000000000000000000e+00
1.016626477241516113e+00 5.634998083114624023e-01 0.000000000000000000e+00 0.000000000000000000e+00 7.970298826694488525e-02 0.000000000000000000e+00 1.057453393936157227e+00 0.000000000000000000e+00 0.000000000000000000e+00 2.361314773559570312e+00 0.000000000000000000e+00 0.000000000000000000e+00
1.025345325469970703e+00 5.473516583442687988e-01 0.000000000000000000e+00 0.000000000000000000e+00 8.692212402820587158e-02 0.000000000000000000e+00 1.070191264152526855e+00 0.000000000000000000e+00 0.000000000000000000e+00 2.366390705108642578e+00 0.000000000000000000e+00 0.000000000000000000e+00
1.034098386764526367e+00 5.311093926429748535e-01 0.000000000000000000e+00 0.000000000000000000e+00 9.416557103395462036e-02 2.401381731033325195e-03 1.082886934280395508e+00 0.000000000000000000e+00 0.000000000000000000e+00 2.371673822402954102e+00 0.000000000000000000e+00 0.000000000000000000e+00
1.044707775115966797e+00 5.111237764358520508e-01 0.000000000000000000e+00 0.000000000000000000e+00 1.027462854981422424e-01 2.804040908813476562e-03 1.096782088279724121e+00 0.000000000000000000e+00 0.000000000000000000e+00 2.380605220794677734e+00 0.000000000000000000e+00 0.000000000000000000e+00
1.055272340774536133e+00 4.912332892417907715e-01 0.000000000000000000e+00 0.000000000000000000e+00 1.112615168094635010e-01 3.196775913238525391e-03 1.110535264015197754e+00 0.000000000000000000e+00 0.000000000000000000e+00 2.389571666717529297e+00 0.000000000000000000e+00 0.000000000000000000e+00
1.065881490707397461e+00 4.712483882904052734e-01 0.000000000000000000e+00 0.000000000000000000e+00 1.198420822620391846e-01 3.599345684051513672e-03 1.124430298805236816e+00 0.000000000000000000e+00 0.000000000000000000e+00 2.398502588272094727e+00 0.000000000000000000e+00 0.000000000000000000e+00
1.076446294784545898e+00 4.513572454452514648e-01 0.000000000000000000e+00 0.000000000000000000e+00 1.283576190471649170e-01 3.992110490798950195e-03 1.138183832168579102e+00 0.000000000000000000e+00 0.000000000000000000e+00 2.407469272613525391e+00 0.000000000000000000e+00 0.000000000000000000e+00
1.082603454589843750e+00 4.346380233764648438e-01 0.000000000000000000e+00 0.000000000000000000e+00 1.355134546756744385e-01 0.000000000000000000e+00 1.147386670112609863e+00 0.000000000000000000e+00 0.000000000000000000e+00 2.418833255767822266e+00 0.000000000000000000e+00 0.000000000000000000e+00
1.088252544403076172e+00 4.182012677192687988e-01 0.000000000000000000e+00 0.000000000000000000e+00 1.425263285636901855e-01 0.000000000000000000e+00 1.156140327453613281e+00 0.000000000000000000e+00 0.000000000000000000e+00 2.430578708648681641e+00 0.000000000000000000e+00 0.000000000000000000e+00
1.093890428543090820e+00 4.017075300216674805e-01 0.000000000000000000e+00 0.000000000000000000e+00 1.495879292488098145e-01 0.000000000000000000e+00 1.164980053901672363e+00 0.000000000000000000e+00 0.000000000000000000e+00 2.442321777343750000e+00 0.000000000000000000e+00 0.000000000000000000e+00
1.100100517272949219e+00 3.848201632499694824e-01 0.000000000000000000e+00 0.000000000000000000e+00 1.569916307926177979e-01 0.000000000000000000e+00 1.174304604530334473e+00 0.000000000000000000e+00 0.000000000000000000e+00 2.454315185546875000e+00 0.000000000000000000e+00 0.000000000000000000e+00
1.109131455421447754e+00 3.658136725425720215e-01 0.000000000000000000e+00 0.000000000000000000e+00 1.663414537906646729e-01 0.000000000000000000e+00 1.186501622200012207e+00 0.000000000000000000e+00 0.000000000000000000e+00 2.467418193817138672e+00 0.000000000000000000e+00 0.000000000000000000e+00
1.118196368217468262e+00 3.471283316612243652e-01 0.000000000000000000e+00 0.000000000000000000e+00 1.757588684558868408e-01 0.000000000000000000e+00 1.198880314826965332e+00 0.000000000000000000e+00 0.000000000000000000e+00 2.480182647705078125e+00 0.000000000000000000e+00 0.000000000000000000e+00
1.123089194297790527e+00 3.339777290821075439e-01 0.000000000000000000e+00 0.000000000000000000e+00 1.828349232673645020e-01 0.000000000000000000e+00 1.207744240760803223e+00 0.000000000000000000e+00 0.000000000000000000e+00 2.497186422348022461e+00 0.000000000000000000e+00 0.000000000000000000e+00
1.127045869827270508e+00 3.241528868675231934e-01 0.000000000000000000e+00 0.000000000000000000e+00 1.889398694038391113e-01 0.000000000000000000e+00 1.215432405471801758e+00 0.000000000000000000e+00 0.000000000000000000e+00 2.511089086532592773e+00 0.000000000000000000e+00 0.000000000000000000e+00
1.130974173545837402e+00 3.143304586410522461e-01 0.000000000000000000e+00 0.000000000000000000e+00 1.949905604124069214e-01 0.000000000000000000e+00 1.223014831542968750e+00 0.000000000000000000e+00 0.000000000000000000e+00 2.525159358978271484e+00 0.000000000000000000e+00 0.000000000000000000e+00
1.134930729866027832e+00 3.045054376125335693e-01 0.000000000000000000e+00 0.000000000000000000e+00 2.010956406593322754e-01 0.000000000000000000e+00 1.230703234672546387e+00 0.000000000000000000e+00 0.000000000000000000e+00 2.539061546325683594e+00 0.000000000000000000e+00 0.000000000000000000e+00
1.138859033584594727e+00 2.946827709674835205e-01 0.000000000000000000e+00 0.000000000000000000e+00 2.071464955806732178e-01 0.000000000000000000e+00 1.238286018371582031e+00 0.000000000000000000e+00 0.000000000000000000e+00 2.553131818771362305e+00 0.000000000000000000e+00 0.000000000000000000e+00
1.142750620841979980e+00 2.848187685012817383e-01 0.000000000000000000e+00 0.000000000000000000e+00 2.132674902677536011e-01 0.000000000000000000e+00 1.245947480201721191e+00 0.000000000000000000e+00 0.000000000000000000e+00 2.566945552825927734e+00 0.000000000000000000e+00 0.000000000000000000e+00
1.146464824676513672e+00 2.748657166957855225e-01 0.000000000000000000e+00 0.000000000000000000e+00 2.193714976310729980e-01 0.000000000000000000e+00 1.253442764282226562e+00 0.000000000000000000e+00 0.000000000000000000e+00 2.580724954605102539e+00 0.000000000000000000e+00 0.000000000000000000e+00
1.150179147720336914e+00 2.649130523204803467e-01 0.000000000000000000e+00 0.000000000000000000e+00 2.254753559827804565e-01 0.000000000000000000e+00 1.260937809944152832e+00 0.000000000000000000e+00 0.000000000000000000e+00 2.594504594802856445e+00 0.000000000000000000e+00 0.000000000000000000e+00
1.154202222824096680e+00 2.559399902820587158e-01 0.000000000000000000e+00 0.000000000000000000e+00 2.315292954444885254e-01 0.000000000000000000e+00 1.267604112625122070e+00 0.000000000000000000e+00 0.000000000000000000e+00 2.607300043106079102e+00 0.000000000000000000e+00 0.000000000000000000e+00
1.160000324249267578e+00 2.474242001771926880e-01 0.000000000000000000e+00 0.000000000000000000e+00 2.373315989971160889e-01 0.000000000000000000e+00 1.274136066436767578e+00 0.000000000000000000e+00 0.000000000000000000e+00 2.618120193481445312e+00 0.000000000000000000e+00 0.000000000000000000e+00
1.166027545928955078e+00 2.387480437755584717e-01 0.000000000000000000e+00 0.000000000000000000e+00 2.433270961046218872e-01 0.000000000000000000e+00 1.280848860740661621e+00 0.000000000000000000e+00 0.000000000000000000e+00 2.628685712814331055e+00 0.000000000000000000e+00 0.000000000000000000e+00
1.172010183334350586e+00 2.300834953784942627e-01 0.000000000000000000e+00 0.000000000000000000e+00 2.492567598819732666e-01 0.000000000000000000e+00 1.287454843521118164e+00 0.000000000000000000e+00 0.000000000000000000e+00 2.639431953430175781e+00 0.000000000000000000e+00 0.000000000000000000e+00
1.178037643432617188e+00 2.214068621397018433e-01 0.000000000000000000e+00 0.000000000000000000e+00 2.552525401115417480e-01 0.000000000000000000e+00 1.294167995452880859e+00 0.000000000000000000e+00 0.000000000000000000e+00 2.649997711181640625e+00 0.000000000000000000e+00 0.000000000000000000e+00
1.184011340141296387e+00 2.127185910940170288e-01 0.000000000000000000e+00 0.000000000000000000e+00 2.611905038356781006e-01 0.000000000000000000e+00 1.300792932510375977e+00 0.000000000000000000e+00 0.000000000000000000e+00 2.660632610321044922e+00 0.000000000000000000e+00 0.000000000000000000e+00
1.189646720886230469e+00 2.029927968978881836e-01 0.000000000000000000e+00 0.000000000000000000e+00 2.675519883632659912e-01 0.000000000000000000e+00 1.308343052864074707e+00 0.000000000000000000e+00 0.000000000000000000e+00 2.666344165802001953e+00 0.000000000000000000e+00 0.000000000000000000e+00
1.195243835449218750e+00 1.932953745126724243e-01 0.000000000000000000e+00 0.000000000000000000e+00 2.738419473171234131e-01 0.000000000000000000e+00 1.315773129463195801e+00 0.000000000000000000e+00 0.000000000000000000e+00 2.672311782836914062e+00 0.000000000000000000e+00 0.000000000000000000e+00
1.200840711593627930e+00 1.835982799530029297e-01 0.000000000000000000e+00 0.000000000000000000e+00 2.801316976547241211e-01 0.000000000000000000e+00 1.323202967643737793e+00 0.000000000000000000e+00 0.000000000000000000e+00 2.678279399871826172e+00 0.000000000000000000e+00 0.000000000000000000e+00
1.206465005874633789e+00 1.733687818050384521e-01 0.000000000000000000e+00 0.000000000000000000e+00 2.863938212394714355e-01 0.000000000000000000e+00 1.330621838569641113e+00 0.000000000000000000e+00 0.000000000000000000e+00 2.685551166534423828e+00 0.000000000000000000e+00 0.000000000000000000e+00
1.212190151214599609e+00 1.621457338333129883e-01 0.000000000000000000e+00 0.000000000000000000e+00 2.925861477851867676e-01 0.000000000000000000e+00 1.337861537933349609e+00 0.000000000000000000e+00 0.000000000000000000e+00 2.695785045623779297e+00 0.000000000000000000e+00 0.000000000000000000e+00
1.217954754829406738e+00 1.508840024471282959e-01 0.000000000000000000e+00 0.000000000000000000e+00 2.988492250442504883e-01 0.000000000000000000e+00 1.345219612121582031e+00 0.000000000000000000e+00 0.000000000000000000e+00 2.705792903900146484e+00 0.000000000000000000e+00 0.000000000000000000e+00
1.223680138587951660e+00 1.396606564521789551e-01 0.000000000000000000e+00 0.000000000000000000e+00 3.050417900085449219e-01 0.000000000000000000e+00 1.352459669113159180e+00 0.000000000000000000e+00 0.000000000000000000e+00 2.716027021408081055e+00 0.000000000000000000e+00 0.000000000000000000e+00
1.229444742202758789e+00 1.283990740776062012e-01 0.000000000000000000e+00 0.000000000000000000e+00 3.113048672676086426e-01 0.000000000000000000e+00 1.359817743301391602e+00 0.000000000000000000e+00 0.000000000000000000e+00 2.726034164428710938e+00 0.000000000000000000e+00 0.000000000000000000e+00
1.235169887542724609e+00 1.171758025884628296e-01 0.000000000000000000e+00 0.000000000000000000e+00 3.174973130226135254e-01 0.000000000000000000e+00 1.367057442665100098e+00 0.000000000000000000e+00 0.000000000000000000e+00 2.736268997192382812e+00 0.000000000000000000e+00 0.000000000000000000e+00
1.240934491157531738e+00 1.059140339493751526e-01 0.000000000000000000e+00 0.000000000000000000e+00 3.237605988979339600e-01 0.000000000000000000e+00 1.374415874481201172e+00 0.000000000000000000e+00 0.000000000000000000e+00 2.746275424957275391e+00 0.000000000000000000e+00 0.000000000000000000e+00
1.246659874916076660e+00 9.469082206487655640e-02 0.000000000000000000e+00 0.000000000000000000e+00 3.299529552459716797e-01 0.000000000000000000e+00 1.381655573844909668e+00 0.000000000000000000e+00 0.000000000000000000e+00 2.756510496139526367e+00 0.000000000000000000e+00 0.000000000000000000e+00
1.252385139465332031e+00 8.346800506114959717e-02 0.000000000000000000e+00 0.000000000000000000e+00 3.361451625823974609e-01 0.000000000000000000e+00 1.388895034790039062e+00 0.000000000000000000e+00 0.000000000000000000e+00 2.766744613647460938e+00 0.000000000000000000e+00 0.000000000000000000e+00
1.258083581924438477e+00 7.235465943813323975e-02 0.000000000000000000e+00 0.000000000000000000e+00 3.423510193824768066e-01 0.000000000000000000e+00 1.396203994750976562e+00 0.000000000000000000e+00 0.000000000000000000e+00 2.776486396789550781e+00 0.000000000000000000e+00 0.000000000000000000e+00
1.263808846473693848e+00 6.113161146640777588e-02 0.000000000000000000e+00 0.000000000000000000e+00 3.485433161258697510e-01 0.000000000000000000e+00 1.403443574905395508e+00 0.000000000000000000e+00 0.000000000000000000e+00 2.786720991134643555e+00 0.000000000000000000e+00 0.000000000000000000e+00
1.269573569297790527e+00 4.986981302499771118e-02 0.000000000000000000e+00 0.000000000000000000e+00 3.548066020011901855e-01 0.000000000000000000e+00 1.410802006721496582e+00 0.000000000000000000e+00 0.000000000000000000e+00 2.796728134155273438e+00 0.000000000000000000e+00 0.000000000000000000e+00
1.275298833847045898e+00 3.864649310708045959e-02 0.000000000000000000e+00 0.000000000000000000e+00 3.609990477561950684e-01 0.000000000000000000e+00 1.418041706085205078e+00 0.000000000000000000e+00 0.000000000000000000e+00 2.806962728500366211e+00 0.000000000000000000e+00 0.000000000000000000e+00
1.279007911682128906e+00 2.508569136261940002e-02 0.000000000000000000e+00 0.000000000000000000e+00 3.745402693748474121e-01 0.000000000000000000e+00 1.427806377410888672e+00 0.000000000000000000e+00 0.000000000000000000e+00 2.820133686065673828e+00 0.000000000000000000e+00 0.000000000000000000e+00
1.281121850013732910e+00 9.824007749557495117e-03 0.000000000000000000e+00 0.000000000000000000e+00 3.935178518295288086e-01 0.000000000000000000e+00 1.439272880554199219e+00 0.000000000000000000e+00 0.000000000000000000e+00 2.835926532745361328e+00 0.000000000000000000e+00 0.000000000000000000e+00
1.283226251602172852e+00 0.000000000000000000e+00 0.000000000000000000e+00 0.000000000000000000e+00 4.127406477928161621e-01 0.000000000000000000e+00 1.450916051864624023e+00 0.000000000000000000e+00 0.000000000000000000e+00 2.851567268371582031e+00 0.000000000000000000e+00 0.000000000000000000e+00
1.284304618835449219e+00 0.000000000000000000e+00 0.000000000000000000e+00 0.000000000000000000e+00 4.309167861938476562e-01 0.000000000000000000e+00 1.461031317710876465e+00 0.000000000000000000e+00 0.000000000000000000e+00 2.868906497955322266e+00 0.000000000000000000e+00 0.000000000000000000e+00
1.283824682235717773e+00 0.000000000000000000e+00 0.000000000000000000e+00 0.000000000000000000e+00 4.479378461837768555e-01 0.000000000000000000e+00 1.469356060028076172e+00 0.000000000000000000e+00 0.000000000000000000e+00 2.888467550277709961e+00 0.000000000000000000e+00 0.000000000000000000e+00
1.282595396041870117e+00 0.000000000000000000e+00 0.000000000000000000e+00 0.000000000000000000e+00 4.648672342300415039e-01 0.000000000000000000e+00 1.478646159172058105e+00 0.000000000000000000e+00 0.000000000000000000e+00 2.907844781875610352e+00 0.000000000000000000e+00 0.000000000000000000e+00
1.281430959701538086e+00 0.000000000000000000e+00 0.000000000000000000e+00 0.000000000000000000e+00 4.817246794700622559e-01 0.000000000000000000e+00 1.487847685813903809e+00 0.000000000000000000e+00 0.000000000000000000e+00 2.927665233612060547e+00 0.000000000000000000e+00 0.000000000000000000e+00
1.280211448669433594e+00 0.000000000000000000e+00 0.000000000000000000e+00 0.000000000000000000e+00 4.987986683845520020e-01 0.000000000000000000e+00 1.497200250625610352e+00 0.000000000000000000e+00 0.000000000000000000e+00 2.947387218475341797e+00 0.000000000000000000e+00 0.000000000000000000e+00
1.279047012329101562e+00 0.000000000000000000e+00 0.000000000000000000e+00 0.000000000000000000e+00 5.156562924385070801e-01 0.000000000000000000e+00 1.506401777267456055e+00 0.000000000000000000e+00 0.000000000000000000e+00 2.967206954956054688e+00 0.000000000000000000e+00 0.000000000000000000e+00
1.277827620506286621e+00 0.000000000000000000e+00 0.000000000000000000e+00 0.000000000000000000e+00 5.327296257019042969e-01 0.000000000000000000e+00 1.515753984451293945e+00 0.000000000000000000e+00 0.000000000000000000e+00 2.986928224563598633e+00 0.000000000000000000e+00 0.000000000000000000e+00
1.276912927627563477e+00 0.000000000000000000e+00 0.000000000000000000e+00 0.000000000000000000e+00 5.496287941932678223e-01 0.000000000000000000e+00 1.525234103202819824e+00 0.000000000000000000e+00 0.000000000000000000e+00 3.006319999694824219e+00 0.000000000000000000e+00 0.000000000000000000e+00
1.276602387428283691e+00 0.000000000000000000e+00 0.000000000000000000e+00 0.000000000000000000e+00 5.677297115325927734e-01 0.000000000000000000e+00 1.534551143646240234e+00 0.000000000000000000e+00 0.000000000000000000e+00 3.029413223266601562e+00 0.000000000000000000e+00 0.000000000000000000e+00
1.276184558868408203e+00 0.000000000000000000e+00 0.000000000000000000e+00 0.000000000000000000e+00 5.854069590568542480e-01 0.000000000000000000e+00 1.543523788452148438e+00 0.000000000000000000e+00 0.000000000000000000e+00 3.052668094635009766e+00 0.000000000000000000e+00 0.000000000000000000e+00
1.275766849517822266e+00 0.000000000000000000e+00 0.000000000000000000e+00 0.000000000000000000e+00 6.030844449996948242e-01 0.000000000000000000e+00 1.552496433258056641e+00 0.000000000000000000e+00 0.000000000000000000e+00 3.075923681259155273e+00 0.000000000000000000e+00 0.000000000000000000e+00
1.275247335433959961e+00 0.000000000000000000e+00 0.000000000000000000e+00 0.000000000000000000e+00 6.205496788024902344e-01 0.000000000000000000e+00 1.561450004577636719e+00 0.000000000000000000e+00 0.000000000000000000e+00 3.098618268966674805e+00 0.000000000000000000e+00 0.000000000000000000e+00
1.274538159370422363e+00 0.000000000000000000e+00 0.000000000000000000e+00 0.000000000000000000e+00 6.361125111579895020e-01 0.000000000000000000e+00 1.569612383842468262e+00 0.000000000000000000e+00 0.000000000000000000e+00 3.121228456497192383e+00 0.000000000000000000e+00 0.000000000000000000e+00
1.273343563079833984e+00 0.000000000000000000e+00 0.000000000000000000e+00 0.000000000000000000e+00 6.510238647460937500e-01 0.000000000000000000e+00 1.578126668930053711e+00 0.000000000000000000e+00 0.000000000000000000e+00 3.143823146820068359e+00 0.000000000000000000e+00 0.000000000000000000e+00
1.272199511528015137e+00 0.000000000000000000e+00 0.000000000000000000e+00 0.000000000000000000e+00 6.657213568687438965e-01 0.000000000000000000e+00 1.586490511894226074e+00 0.000000000000000000e+00 0.000000000000000000e+00 3.166502475738525391e+00 0.000000000000000000e+00 0.000000000000000000e+00
1.271004915237426758e+00 0.000000000000000000e+00 0.000000000000000000e+00 0.000000000000000000e+00 6.806324720382690430e-01 0.000000000000000000e+00 1.595004677772521973e+00 0.000000000000000000e+00 0.000000000000000000e+00 3.189096689224243164e+00 0.000000000000000000e+00 0.000000000000000000e+00
1.269860863685607910e+00 0.000000000000000000e+00 0.000000000000000000e+00 0.000000000000000000e+00 6.953303813934326172e-01 0.000000000000000000e+00 1.603368759155273438e+00 0.000000000000000000e+00 0.000000000000000000e+00 3.211776494979858398e+00 0.000000000000000000e+00 0.000000000000000000e+00
1.268666148185729980e+00 0.000000000000000000e+00 0.000000000000000000e+00 0.000000000000000000e+00 7.102413177490234375e-01 0.000000000000000000e+00 1.611882805824279785e+00 0.000000000000000000e+00 0.000000000000000000e+00 3.234371423721313477e+00 0.000000000000000000e+00 0.000000000000000000e+00
1.267593383789062500e+00 0.000000000000000000e+00 0.000000000000000000e+00 0.000000000000000000e+00 7.248971462249755859e-01 0.000000000000000000e+00 1.620042443275451660e+00 0.000000000000000000e+00 0.000000000000000000e+00 3.256155014038085938e+00 0.000000000000000000e+00 0.000000000000000000e+00
1.266436457633972168e+00 0.000000000000000000e+00 0.000000000000000000e+00 0.000000000000000000e+00 7.394586205482482910e-01 0.000000000000000000e+00 1.628230810165405273e+00 0.000000000000000000e+00 0.000000000000000000e+00 3.277781963348388672e+00 0.000000000000000000e+00 0.000000000000000000e+00
1.265168905258178711e+00 0.000000000000000000e+00 0.000000000000000000e+00 0.000000000000000000e+00 7.540634274482727051e-01 0.000000000000000000e+00 1.636540651321411133e+00 0.000000000000000000e+00 0.000000000000000000e+00 3.298872470855712891e+00 0.000000000000000000e+00 0.000000000000000000e+00
1.263938188552856445e+00 0.000000000000000000e+00 0.000000000000000000e+00 0.000000000000000000e+00 7.685531973838806152e-01 0.000000000000000000e+00 1.644770979881286621e+00 0.000000000000000000e+00 0.000000000000000000e+00 3.320461511611938477e+00 0.000000000000000000e+00 0.000000000000000000e+00
1.262670516967773438e+00 0.000000000000000000e+00 0.000000000000000000e+00 0.000000000000000000e+00 7.832651138305664062e-01 0.000000000000000000e+00 1.653136968612670898e+00 0.000000000000000000e+00 0.000000000000000000e+00 3.341932296752929688e+00 0.000000000000000000e+00 0.000000000000000000e+00
1.261470675468444824e+00 0.000000000000000000e+00 0.000000000000000000e+00 0.000000000000000000e+00 7.976128458976745605e-01 0.000000000000000000e+00 1.661320090293884277e+00 0.000000000000000000e+00 0.000000000000000000e+00 3.363534212112426758e+00 0.000000000000000000e+00 0.000000000000000000e+00
1.260288834571838379e+00 0.000000000000000000e+00 0.000000000000000000e+00 0.000000000000000000e+00 8.119291663169860840e-01 0.000000000000000000e+00 1.669553518295288086e+00 0.000000000000000000e+00 0.000000000000000000e+00 3.385040998458862305e+00 0.000000000000000000e+00 0.000000000000000000e+00
1.259142160415649414e+00 0.000000000000000000e+00 0.000000000000000000e+00 0.000000000000000000e+00 8.260316252708435059e-01 0.000000000000000000e+00 1.677654623985290527e+00 0.000000000000000000e+00 0.000000000000000000e+00 3.406664609909057617e+00 0.000000000000000000e+00 0.000000000000000000e+00
1.257458806037902832e+00 0.000000000000000000e+00 0.000000000000000000e+00 0.000000000000000000e+00 8.394353985786437988e-01 0.000000000000000000e+00 1.685730934143066406e+00 0.000000000000000000e+00 0.000000000000000000e+00 3.425647258758544922e+00 0.000000000000000000e+00 0.000000000000000000e+00
1.255874633789062500e+00 0.000000000000000000e+00 0.000000000000000000e+00 0.000000000000000000e+00 8.521152138710021973e-01 0.000000000000000000e+00 1.693463087081909180e+00 0.000000000000000000e+00 0.000000000000000000e+00 3.444190025329589844e+00 0.000000000000000000e+00 0.000000000000000000e+00
1.254528522491455078e+00 0.000000000000000000e+00 0.000000000000000000e+00 0.000000000000000000e+00 8.618635535240173340e-01 0.000000000000000000e+00 1.699119091033935547e+00 0.000000000000000000e+00 0.000000000000000000e+00 3.464343070983886719e+00 0.000000000000000000e+00 0.000000000000000000e+00
1.253308176994323730e+00 0.000000000000000000e+00 0.000000000000000000e+00 0.000000000000000000e+00 8.705278038978576660e-01 0.000000000000000000e+00 1.704000234603881836e+00 0.000000000000000000e+00 0.000000000000000000e+00 3.484670877456665039e+00 0.000000000000000000e+00 0.000000000000000000e+00
1.254966974258422852e+00 0.000000000000000000e+00 0.000000000000000000e+00 0.000000000000000000e+00 8.814496994018554688e-01 0.000000000000000000e+00 1.711391687393188477e+00 0.000000000000000000e+00 0.000000000000000000e+00 3.523259162902832031e+00 0.000000000000000000e+00 0.000000000000000000e+00
1.256612658500671387e+00 0.000000000000000000e+00 0.000000000000000000e+00 0.000000000000000000e+00 8.935408592224121094e-01 0.000000000000000000e+00 1.719318985939025879e+00 0.000000000000000000e+00 0.000000000000000000e+00 3.552811622619628906e+00 0.000000000000000000e+00 0.000000000000000000e+00
1.258332610130310059e+00 0.000000000000000000e+00 0.000000000000000000e+00 0.000000000000000000e+00 9.054300785064697266e-01 0.000000000000000000e+00 1.727166175842285156e+00 0.000000000000000000e+00 0.000000000000000000e+00 3.582300901412963867e+00 0.000000000000000000e+00 0.000000000000000000e+00
1.260333538055419922e+00 0.000000000000000000e+00 0.000000000000000000e+00 0.000000000000000000e+00 9.175813794136047363e-01 0.000000000000000000e+00 1.735510826110839844e+00 0.000000000000000000e+00 0.000000000000000000e+00 3.610667228698730469e+00 0.000000000000000000e+00 0.000000000000000000e+00
1.262369513511657715e+00 0.000000000000000000e+00 0.000000000000000000e+00 0.000000000000000000e+00 9.295229911804199219e-01 0.000000000000000000e+00 1.743728160858154297e+00 0.000000000000000000e+00 0.000000000000000000e+00 3.639102935791015625e+00 0.000000000000000000e+00 0.000000000000000000e+00
1.264370679855346680e+00 0.000000000000000000e+00 0.000000000000000000e+00 0.000000000000000000e+00 9.416739940643310547e-01 0.000000000000000000e+00 1.752072691917419434e+00 0.000000000000000000e+00 0.000000000000000000e+00 3.667470932006835938e+00 0.000000000000000000e+00 0.000000000000000000e+00
1.267792463302612305e+00 0.000000000000000000e+00 0.000000000000000000e+00 0.000000000000000000e+00 9.529330134391784668e-01 0.000000000000000000e+00 1.760596990585327148e+00 0.000000000000000000e+00 0.000000000000000000e+00 3.696263551712036133e+00 0.000000000000000000e+00 0.000000000000000000e+00
1.271786570549011230e+00 0.000000000000000000e+00 0.000000000000000000e+00 0.000000000000000000e+00 9.642468094825744629e-01 0.000000000000000000e+00 1.768845796585083008e+00 0.000000000000000000e+00 0.000000000000000000e+00 3.722101211547851562e+00 0.000000000000000000e+00 0.000000000000000000e+00
1.273475408554077148e+00 0.000000000000000000e+00 0.000000000000000000e+00 0.000000000000000000e+00 9.755862951278686523e-01 0.000000000000000000e+00 1.775266528129577637e+00 0.000000000000000000e+00 0.000000000000000000e+00 3.739879131317138672e+00 0.000000000000000000e+00 0.000000000000000000e+00
1.275233030319213867e+00 0.000000000000000000e+00 0.000000000000000000e+00 0.000000000000000000e+00 9.867777228355407715e-01 0.000000000000000000e+00 1.781594038009643555e+00 0.000000000000000000e+00 0.000000000000000000e+00 3.758064270019531250e+00 0.000000000000000000e+00 0.000000000000000000e+00
1.276962041854858398e+00 0.000000000000000000e+00 0.000000000000000000e+00 0.000000000000000000e+00 9.981803297996520996e-01 0.000000000000000000e+00 1.788047194480895996e+00 0.000000000000000000e+00 0.000000000000000000e+00 3.776158571243286133e+00 0.000000000000000000e+00 0.000000000000000000e+00
1.278719663619995117e+00 0.000000000000000000e+00 0.000000000000000000e+00 0.000000000000000000e+00 1.009371161460876465e+00 0.000000000000000000e+00 1.794374465942382812e+00 0.000000000000000000e+00 0.000000000000000000e+00 3.794343471527099609e+00 0.000000000000000000e+00 0.000000000000000000e+00
1.280448794364929199e+00 0.000000000000000000e+00 0.000000000000000000e+00 0.000000000000000000e+00 1.020774483680725098e+00 0.000000000000000000e+00 1.800827980041503906e+00 0.000000000000000000e+00 0.000000000000000000e+00 3.812438011169433594e+00 0.000000000000000000e+00 0.000000000000000000e+00
1.282206177711486816e+00 0.000000000000000000e+00 0.000000000000000000e+00 0.000000000000000000e+00 1.031965136528015137e+00 0.000000000000000000e+00 1.807155132293701172e+00 0.000000000000000000e+00 0.000000000000000000e+00 3.830622196197509766e+00 0.000000000000000000e+00 0.000000000000000000e+00
1.283935308456420898e+00 0.000000000000000000e+00 0.000000000000000000e+00 0.000000000000000000e+00 1.043344497680664062e+00 0.000000000000000000e+00 1.813603997230529785e+00 0.000000000000000000e+00 0.000000000000000000e+00 3.848744153976440430e+00 0.000000000000000000e+00 0.000000000000000000e+00
1.285691738128662109e+00 0.000000000000000000e+00 0.000000000000000000e+00 0.000000000000000000e+00 1.054091334342956543e+00 0.000000000000000000e+00 1.819850087165832520e+00 0.000000000000000000e+00 0.000000000000000000e+00 3.867468833923339844e+00 0.000000000000000000e+00 0.000000000000000000e+00
1.287448167800903320e+00 0.000000000000000000e+00 0.000000000000000000e+00 0.000000000000000000e+00 1.064837694168090820e+00 0.000000000000000000e+00 1.826096057891845703e+00 0.000000000000000000e+00 0.000000000000000000e+00 3.886193990707397461e+00 0.000000000000000000e+00 0.000000000000000000e+00
1.289136171340942383e+00 0.000000000000000000e+00 0.000000000000000000e+00 0.000000000000000000e+00 1.075839161872863770e+00 0.000000000000000000e+00 1.831871747970581055e+00 0.000000000000000000e+00 0.000000000000000000e+00 3.902541637420654297e+00 0.000000000000000000e+00 0.000000000000000000e+00
1.290892839431762695e+00 0.000000000000000000e+00 0.000000000000000000e+00 0.000000000000000000e+00 1.086713314056396484e+00 0.000000000000000000e+00 1.837461471557617188e+00 0.000000000000000000e+00 0.000000000000000000e+00 3.918965339660644531e+00 0.000000000000000000e+00 0.000000000000000000e+00
1.292620897293090820e+00 0.000000000000000000e+00 0.000000000000000000e+00 0.000000000000000000e+00 1.097791910171508789e+00 0.000000000000000000e+00 1.843176126480102539e+00 0.000000000000000000e+00 0.000000000000000000e+00 3.935308933258056641e+00 0.000000000000000000e+00 0.000000000000000000e+00
1.294377565383911133e+00 0.000000000000000000e+00 0.000000000000000000e+00 0.000000000000000000e+00 1.108665943145751953e+00 0.000000000000000000e+00 1.848765850067138672e+00 0.000000000000000000e+00 0.000000000000000000e+00 3.951733350753784180e+00 0.000000000000000000e+00 0.000000000000000000e+00
1.296105742454528809e+00 0.000000000000000000e+00 0.000000000000000000e+00 0.000000000000000000e+00 1.119745135307312012e+00 0.000000000000000000e+00 1.854480981826782227e+00 0.000000000000000000e+00 0.000000000000000000e+00 3.968076944351196289e+00 0.000000000000000000e+00 0.000000000000000000e+00
1.297862410545349121e+00 0.000000000000000000e+00 0.000000000000000000e+00 0.000000000000000000e+00 1.130618810653686523e+00 0.000000000000000000e+00 1.860070228576660156e+00 0.000000000000000000e+00 0.000000000000000000e+00 3.984500408172607422e+00 4.621267318725585938e-03 0.000000000000000000e+00
1.299590468406677246e+00 0.000000000000000000e+00 0.000000000000000000e+00 0.000000000000000000e+00 1.141698122024536133e+00 0.000000000000000000e+00 1.865785598754882812e+00 0.000000000000000000e+00 0.000000000000000000e+00 4.000844001770019531e+00 1.466000080108642578e-02 0.000000000000000000e+00
1.301347136497497559e+00 0.000000000000000000e+00 0.000000000000000000e+00 0.000000000000000000e+00 1.152571678161621094e+00 0.000000000000000000e+00 1.871374726295471191e+00 0.000000000000000000e+00 0.000000000000000000e+00 4.017268180847167969e+00 2.452105283737182617e-02 0.000000000000000000e+00
1.303901314735412598e+00 0.000000000000000000e+00 0.000000000000000000e+00 0.000000000000000000e+00 1.163327693939208984e+00 0.000000000000000000e+00 1.876849889755249023e+00 0.000000000000000000e+00 0.000000000000000000e+00 4.031954765319824219e+00 3.443193435668945312e-02 0.000000000000000000e+00
1.306401014328002930e+00 0.000000000000000000e+00 0.000000000000000000e+00 0.000000000000000000e+00 1.174225687980651855e+00 0.000000000000000000e+00 1.882426977157592773e+00 0.000000000000000000e+00 0.000000000000000000e+00 4.046244621276855469e+00 4.446053504943847656e-02 0.000000000000000000e+00
1.309034109115600586e+00 0.000000000000000000e+00 0.000000000000000000e+00 0.000000000000000000e+00 1.185141205787658691e+00 0.000000000000000000e+00 1.887777805328369141e+00 0.000000000000000000e+00 0.000000000000000000e+00 4.060987472534179688e+00 5.405640602111816406e-02 0.000000000000000000e+00
1.311736345291137695e+00 0.000000000000000000e+00 0.000000000000000000e+00 0.000000000000000000e+00 1.196498990058898926e+00 0.000000000000000000e+00 1.893074750900268555e+00 0.000000000000000000e+00 0.000000000000000000e+00 4.075773239135742188e+00 6.336593627929687500e-02 0.000000000000000000e+00
1.314460277557373047e+00 0.000000000000000000e+00 0.000000000000000000e+00 0.000000000000000000e+00 1.207651972770690918e+00 0.000000000000000000e+00 1.898246884346008301e+00 0.000000000000000000e+00 0.000000000000000000e+00 4.090652465820312500e+00 7.249826192855834961e-02 0.000000000000000000e+00
1.317162275314331055e+00 0.000000000000000000e+00 0.000000000000000000e+00 0.000000000000000000e+00 1.219009518623352051e+00 0.000000000000000000e+00 1.903543710708618164e+00 0.000000000000000000e+00 0.000000000000000000e+00 4.105437755584716797e+00 8.180779218673706055e-02 0.000000000000000000e+00
1.319886445999145508e+00 0.000000000000000000e+00 0.000000000000000000e+00 0.000000000000000000e+00 1.230162739753723145e+00 0.000000000000000000e+00 1.908715963363647461e+00 0.000000000000000000e+00 0.000000000000000000e+00 4.120317935943603516e+00 9.094023704528808594e-02 0.000000000000000000e+00
1.322588324546813965e+00 0.000000000000000000e+00 0.000000000000000000e+00 0.000000000000000000e+00 1.241519212722778320e+00 0.000000000000000000e+00 1.914012193679809570e+00 0.000000000000000000e+00 0.000000000000000000e+00 4.135102272033691406e+00 1.002488732337951660e-01 0.000000000000000000e+00
1.325312495231628418e+00 0.000000000000000000e+00 0.000000000000000000e+00 0.000000000000000000e+00 1.252672195434570312e+00 0.000000000000000000e+00 1.919184446334838867e+00 0.000000000000000000e+00 0.000000000000000000e+00 4.149981498718261719e+00 1.093811392784118652e-01 0.000000000000000000e+00
1.328036546707153320e+00 0.000000000000000000e+00 0.000000000000000000e+00 0.000000000000000000e+00 1.263825416564941406e+00 0.000000000000000000e+00 1.924356698989868164e+00 0.000000000000000000e+00 0.000000000000000000e+00 4.164861202239990234e+00 1.185136437416076660e-01 0.000000000000000000e+00
1.330687046051025391e+00 0.000000000000000000e+00 0.000000000000000000e+00 0.000000000000000000e+00 1.275116801261901855e+00 0.000000000000000000e+00 1.929637312889099121e+00 0.000000000000000000e+00 0.000000000000000000e+00 4.179378986358642578e+00 1.277737021446228027e-01 0.000000000000000000e+00
1.333410978317260742e+00 0.000000000000000000e+00 0.000000000000000000e+00 0.000000000000000000e+00 1.286270022392272949e+00 0.000000000000000000e+00 1.934809803962707520e+00 0.000000000000000000e+00 0.000000000000000000e+00 4.194256782531738281e+00 1.369062662124633789e-01 0.000000000000000000e+00
1.336069703102111816e+00 0.000000000000000000e+00 0.000000000000000000e+00 0.000000000000000000e+00 1.297715306282043457e+00 0.000000000000000000e+00 1.940069913864135742e+00 0.000000000000000000e+00 0.000000000000000000e+00 4.208917140960693359e+00 1.462284326553344727e-01 0.000000000000000000e+00
1.338553667068481445e+00 0.000000000000000000e+00 0.000000000000000000e+00 0.000000000000000000e+00 1.309360623359680176e+00 0.000000000000000000e+00 1.945041298866271973e+00 0.000000000000000000e+00 0.000000000000000000e+00 4.223100662231445312e+00 1.554349660873413086e-01 0.000000000000000000e+00
1.341998696327209473e+00 0.000000000000000000e+00 0.000000000000000000e+00 0.000000000000000000e+00 1.321042418479919434e+00 0.000000000000000000e+00 1.949875831604003906e+00 0.000000000000000000e+00 0.000000000000000000e+00 4.236792564392089844e+00 1.646938323974609375e-01 0.000000000000000000e+00
1.347449421882629395e+00 0.000000000000000000e+00 0.000000000000000000e+00 0.000000000000000000e+00 1.332195997238159180e+00 0.000000000000000000e+00 1.954052686691284180e+00 0.000000000000000000e+00 0.000000000000000000e+00 4.249750614166259766e+00 1.735277771949768066e-01 0.000000000000000000e+00
1.352658987045288086e+00 0.000000000000000000e+00 0.000000000000000000e+00 0.000000000000000000e+00 1.343499064445495605e+00 0.000000000000000000e+00 1.958633065223693848e+00 0.000000000000000000e+00 0.000000000000000000e+00 4.262704849243164062e+00 1.824446916580200195e-01 0.000000000000000000e+00
1.356998682022094727e+00 0.000000000000000000e+00 0.000000000000000000e+00 0.000000000000000000e+00 1.354387164115905762e+00 0.000000000000000000e+00 1.964233160018920898e+00 0.000000000000000000e+00 0.000000000000000000e+00 4.276082992553710938e+00 1.907923221588134766e-01 0.000000000000000000e+00
1.360669493675231934e+00 0.000000000000000000e+00 0.000000000000000000e+00 0.000000000000000000e+00 1.365177631378173828e+00 0.000000000000000000e+00 1.969540834426879883e+00 0.000000000000000000e+00 0.000000000000000000e+00 4.292296409606933594e+00 1.988571882247924805e-01 0.000000000000000000e+00
1.361907482147216797e+00 0.000000000000000000e+00 0.000000000000000000e+00 0.000000000000000000e+00 1.375765800476074219e+00 0.000000000000000000e+00 1.973912239074707031e+00 0.000000000000000000e+00 0.000000000000000000e+00 4.318119049072265625e+00 2.060766220092773438e-01 0.000000000000000000e+00
1.363320827484130859e+00 0.000000000000000000e+00 0.000000000000000000e+00 0.000000000000000000e+00 1.385600566864013672e+00 0.000000000000000000e+00 1.977975010871887207e+00 0.000000000000000000e+00 0.000000000000000000e+00 4.343270301818847656e+00 2.127668857574462891e-01 0.000000000000000000e+00
1.364688873291015625e+00 0.000000000000000000e+00 0.000000000000000000e+00 0.000000000000000000e+00 1.395401358604431152e+00 0.000000000000000000e+00 1.982045173645019531e+00 0.000000000000000000e+00 0.000000000000000000e+00 4.368221282958984375e+00 2.194703817367553711e-01 0.000000000000000000e+00
1.366122722625732422e+00 0.000000000000000000e+00 0.000000000000000000e+00 0.000000000000000000e+00 1.405012369155883789e+00 0.000000000000000000e+00 1.986023426055908203e+00 0.000000000000000000e+00 0.000000000000000000e+00 4.393056392669677734e+00 2.260173559188842773e-01 0.000000000000000000e+00
1.367491006851196289e+00 0.000000000000000000e+00 0.000000000000000000e+00 0.000000000000000000e+00 1.414813399314880371e+00 0.000000000000000000e+00 1.990093588829040527e+00 0.000000000000000000e+00 0.000000000000000000e+00 4.418008327484130859e+00 2.327208518981933594e-01 0.000000000000000000e+00
1.368924736976623535e+00 0.000000000000000000e+00 0.000000000000000000e+00 0.000000000000000000e+00 1.424424648284912109e+00 0.000000000000000000e+00 1.994071960449218750e+00 0.000000000000000000e+00 0.000000000000000000e+00 4.442843437194824219e+00 2.392679452896118164e-01 0.000000000000000000e+00
1.370292782783508301e+00 0.000000000000000000e+00 0.000000000000000000e+00 0.000000000000000000e+00 1.434225797653198242e+00 0.000000000000000000e+00 1.998142242431640625e+00 0.000000000000000000e+00 0.000000000000000000e+00 4.467794895172119141e+00 2.459716796875000000e-01 0.000000000000000000e+00
1.371726751327514648e+00 0.000000000000000000e+00 0.000000000000000000e+00 0.000000000000000000e+00 1.443836927413940430e+00 0.000000000000000000e+00 2.002120733261108398e+00 0.000000000000000000e+00 0.000000000000000000e+00 4.492630958557128906e+00 2.525186538696289062e-01 0.000000000000000000e+00
1.373160481452941895e+00 0.000000000000000000e+00 0.000000000000000000e+00 0.000000000000000000e+00 1.453447699546813965e+00 0.000000000000000000e+00 2.006098985671997070e+00 0.000000000000000000e+00 0.000000000000000000e+00 4.517464637756347656e+00 2.590653896331787109e-01 0.000000000000000000e+00
1.374474763870239258e+00 0.000000000000000000e+00 0.000000000000000000e+00 0.000000000000000000e+00 1.463198781013488770e+00 0.000000000000000000e+00 2.010154724121093750e+00 0.000000000000000000e+00 0.000000000000000000e+00 4.542102813720703125e+00 2.657483816146850586e-01 0.000000000000000000e+00
1.375908851623535156e+00 0.000000000000000000e+00 0.000000000000000000e+00 0.000000000000000000e+00 1.472809910774230957e+00 0.000000000000000000e+00 2.014133214950561523e+00 0.000000000000000000e+00 0.000000000000000000e+00 4.566938877105712891e+00 2.722954750061035156e-01 0.000000000000000000e+00
1.377277016639709473e+00 0.000000000000000000e+00 0.000000000000000000e+00 0.000000000000000000e+00 1.482610464096069336e+00 0.000000000000000000e+00 2.018203258514404297e+00 0.000000000000000000e+00 0.000000000000000000e+00 4.591889381408691406e+00 2.789986133575439453e-01 0.000000000000000000e+00
1.378710508346557617e+00 0.000000000000000000e+00 0.000000000000000000e+00 0.000000000000000000e+00 1.492222070693969727e+00 0.000000000000000000e+00 2.022181749343872070e+00 0.000000000000000000e+00 0.000000000000000000e+00 4.616724967956542969e+00 2.855460643768310547e-01 0.000000000000000000e+00
1.380078792572021484e+00 0.000000000000000000e+00 0.000000000000000000e+00 0.000000000000000000e+00 1.502022862434387207e+00 0.000000000000000000e+00 2.026251792907714844e+00 0.000000000000000000e+00 0.000000000000000000e+00 4.641675949096679688e+00 2.922493219375610352e-01 0.000000000000000000e+00
1.381512880325317383e+00 0.000000000000000000e+00 0.000000000000000000e+00 0.000000000000000000e+00 1.511633992195129395e+00 0.000000000000000000e+00 2.030230045318603516e+00 0.000000000000000000e+00 0.000000000000000000e+00 4.666511535644531250e+00 2.987962961196899414e-01 0.000000000000000000e+00
1.382880926132202148e+00 0.000000000000000000e+00 0.000000000000000000e+00 0.000000000000000000e+00 1.521434783935546875e+00 0.000000000000000000e+00 2.034300327301025391e+00 0.000000000000000000e+00 0.000000000000000000e+00 4.691462993621826172e+00 3.054999113082885742e-01 0.000000000000000000e+00
1.384314775466918945e+00 0.000000000000000000e+00 0.000000000000000000e+00 0.000000000000000000e+00 1.531046271324157715e+00 0.000000000000000000e+00 2.038278818130493164e+00 0.000000000000000000e+00 0.000000000000000000e+00 4.716299057006835938e+00 3.120470046997070312e-01 0.000000000000000000e+00
1.385748505592346191e+00 0.000000000000000000e+00 0.000000000000000000e+00 0.000000000000000000e+00 1.540657162666320801e+00 0.000000000000000000e+00 2.042257070541381836e+00 0.000000000000000000e+00 0.000000000000000000e+00 4.741133213043212891e+00 3.185939788818359375e-01 0.000000000000000000e+00
1.387062788009643555e+00 0.000000000000000000e+00 0.000000000000000000e+00 0.000000000000000000e+00 1.550408720970153809e+00 0.000000000000000000e+00 2.046313285827636719e+00 0.000000000000000000e+00 0.000000000000000000e+00 4.765771865844726562e+00 3.252773284912109375e-01 0.000000000000000000e+00
1.388496875762939453e+00 0.000000000000000000e+00 0.000000000000000000e+00 0.000000000000000000e+00 1.560019135475158691e+00 0.000000000000000000e+00 2.050291299819946289e+00 0.000000000000000000e+00 0.000000000000000000e+00 4.790606975555419922e+00 3.318237066268920898e-01 0.000000000000000000e+00
1.389864921569824219e+00 0.000000000000000000e+00 0.000000000000000000e+00 0.000000000000000000e+00 1.569820523262023926e+00 0.000000000000000000e+00 2.054361581802368164e+00 0.000000000000000000e+00 0.000000000000000000e+00 4.815558910369873047e+00 3.385275602340698242e-01 0.000000000000000000e+00
1.391298770904541016e+00 0.000000000000000000e+00 0.000000000000000000e+00 0.000000000000000000e+00 1.579431176185607910e+00 0.000000000000000000e+00 2.058339834213256836e+00 0.000000000000000000e+00 0.000000000000000000e+00 4.840392589569091797e+00 3.450742959976196289e-01 0.000000000000000000e+00
1.392666816711425781e+00 0.000000000000000000e+00 0.000000000000000000e+00 0.000000000000000000e+00 1.589232325553894043e+00 0.000000000000000000e+00 2.062410116195678711e+00 0.000000000000000000e+00 0.000000000000000000e+00 4.865344524383544922e+00 3.517780303955078125e-01 0.000000000000000000e+00
1.394100666046142578e+00 0.000000000000000000e+00 0.000000000000000000e+00 0.000000000000000000e+00 1.598843455314636230e+00 0.000000000000000000e+00 2.066388368606567383e+00 0.000000000000000000e+00 0.000000000000000000e+00 4.890179634094238281e+00 3.583248853683471680e-01 0.000000000000000000e+00
1.395468592643737793e+00 0.000000000000000000e+00 0.000000000000000000e+00 0.000000000000000000e+00 1.608644723892211914e+00 0.000000000000000000e+00 2.070458650588989258e+00 0.000000000000000000e+00 0.000000000000000000e+00 4.915130615234375000e+00 3.650287389755249023e-01 0.000000000000000000e+00
1.396902561187744141e+00 0.000000000000000000e+00 0.000000000000000000e+00 0.000000000000000000e+00 1.618255853652954102e+00 0.000000000000000000e+00 2.074437141418457031e+00 0.000000000000000000e+00 0.000000000000000000e+00 4.939966678619384766e+00 3.715755939483642578e-01 0.000000000000000000e+00
1.398336529731750488e+00 0.000000000000000000e+00 0.000000000000000000e+00 0.000000000000000000e+00 1.627866864204406738e+00 0.000000000000000000e+00 2.078415393829345703e+00 0.000000000000000000e+00 0.000000000000000000e+00 4.964802742004394531e+00 3.781228065490722656e-01 0.000000000000000000e+00
1.399650692939758301e+00 0.000000000000000000e+00 0.000000000000000000e+00 0.000000000000000000e+00 1.637618064880371094e+00 0.000000000000000000e+00 2.082471370697021484e+00 0.000000000000000000e+00 0.000000000000000000e+00 4.989439487457275391e+00 3.848056793212890625e-01 0.000000000000000000e+00
1.401084661483764648e+00 0.000000000000000000e+00 0.000000000000000000e+00 0.000000000000000000e+00 1.647228956222534180e+00 0.000000000000000000e+00 2.086449623107910156e+00 0.000000000000000000e+00 0.000000000000000000e+00 5.014274597167968750e+00 3.913525342941284180e-01 0.000000000000000000e+00
1.402452588081359863e+00 0.000000000000000000e+00 0.000000000000000000e+00 0.000000000000000000e+00 1.657030582427978516e+00 0.000000000000000000e+00 2.090520143508911133e+00 0.000000000000000000e+00 0.000000000000000000e+00 5.039227008819580078e+00 3.980566263198852539e-01 0.000000000000000000e+00
1.403886437416076660e+00 0.000000000000000000e+00 0.000000000000000000e+00 0.000000000000000000e+00 1.666640639305114746e+00 0.000000000000000000e+00 2.094498157501220703e+00 0.000000000000000000e+00 0.000000000000000000e+00 5.064060211181640625e+00 4.046028852462768555e-01 0.000000000000000000e+00
1.405254602432250977e+00 0.000000000000000000e+00 0.000000000000000000e+00 0.000000000000000000e+00 1.676442027091979980e+00 0.000000000000000000e+00 2.098568439483642578e+00 0.000000000000000000e+00 0.000000000000000000e+00 5.089012145996093750e+00 4.113066196441650391e-01 0.000000000000000000e+00
1.406688451766967773e+00 0.000000000000000000e+00 0.000000000000000000e+00 0.000000000000000000e+00 1.686053156852722168e+00 0.000000000000000000e+00 2.102546691894531250e+00 0.000000000000000000e+00 0.000000000000000000e+00 5.113847732543945312e+00 4.178535938262939453e-01 0.000000000000000000e+00
1.408056616783142090e+00 0.000000000000000000e+00 0.000000000000000000e+00 0.000000000000000000e+00 1.695853710174560547e+00 0.000000000000000000e+00 2.106616735458374023e+00 0.000000000000000000e+00 0.000000000000000000e+00 5.138798713684082031e+00 4.245568513870239258e-01 0.000000000000000000e+00
1.409490585327148438e+00 0.000000000000000000e+00 0.000000000000000000e+00 0.000000000000000000e+00 1.705464959144592285e+00 0.000000000000000000e+00 2.110595226287841797e+00 0.000000000000000000e+00 0.000000000000000000e+00 5.163634777069091797e+00 4.311039447784423828e-01 0.000000000000000000e+00
