2.220792531967163086e+00 4.595558166503906250e+00 5.128312110900878906e-02
2.254208564758300781e+00 4.635554790496826172e+00 5.079042911529541016e-02
2.291970729827880859e+00 4.680540561676025391e+00 5.025315284729003906e-02
2.329171419143676758e+00 4.725714683532714844e+00 4.975175857543945312e-02
2.366716623306274414e+00 4.770876407623291016e+00 4.937064647674560547e-02
2.395929336547851562e+00 4.809377670288085938e+00 5.176353454589843750e-02
2.421639442443847656e+00 4.844464778900146484e+00 5.561709403991699219e-02
2.446974992752075195e+00 4.879861831665039062e+00 5.938947200775146484e-02
2.472474575042724609e+00 4.915119171142578125e+00 6.333553791046142578e-02
2.493609666824340820e+00 4.947968959808349609e+00 6.704246997833251953e-02
2.508365631103515625e+00 4.976529121398925781e+00 7.051217555999755859e-02
2.523078918457031250e+00 5.004728794097900391e+00 7.409274578094482422e-02
2.537640571594238281e+00 5.033416748046875000e+00 7.753360271453857422e-02
2.551881790161132812e+00 5.060929775238037109e+00 8.144128322601318359e-02
2.565797805786132812e+00 5.088420867919921875e+00 8.543252944946289062e-02
2.578067541122436523e+00 5.109317779541015625e+00 9.060108661651611328e-02
2.590093374252319336e+00 5.130197048187255859e+00 9.571456909179687500e-02
2.602102994918823242e+00 5.150615692138671875e+00 1.009972095489501953e-01
2.618873596191406250e+00 5.188049316406250000e+00 9.762322902679443359e-02
2.635165214538574219e+00 5.239995479583740234e+00 8.642077445983886719e-02
2.679515123367309570e+00 5.281051158905029297e+00 8.075082302093505859e-02
2.736303567886352539e+00 5.317412376403808594e+00 7.748115062713623047e-02
2.793873071670532227e+00 5.353437423706054688e+00 7.396352291107177734e-02
2.835191726684570312e+00 5.388323307037353516e+00 7.122743129730224609e-02
2.870540142059326172e+00 5.422240734100341797e+00 6.886970996856689453e-02
2.906669855117797852e+00 5.455222129821777344e+00 6.830060482025146484e-02
2.943813323974609375e+00 5.486907005310058594e+00 6.893467903137207031e-02
2.980702638626098633e+00 5.519045829772949219e+00 6.944918632507324219e-02
3.018069267272949219e+00 5.554306030273437500e+00 6.984627246856689453e-02
3.055833816528320312e+00 5.589815616607666016e+00 7.014775276184082031e-02
3.093252420425415039e+00 5.625408172607421875e+00 7.034480571746826172e-02
3.131031751632690430e+00 5.660979747772216797e+00 7.044517993927001953e-02
3.168462276458740234e+00 5.696634769439697266e+00 7.044124603271484375e-02
3.206252098083496094e+00 5.732266426086425781e+00 7.033753395080566406e-02
3.243695974349975586e+00 5.767983436584472656e+00 7.013058662414550781e-02
3.281499862670898438e+00 5.803671836853027344e+00 6.982111930847167969e-02
3.318914890289306641e+00 5.839393138885498047e+00 6.940829753875732422e-02
3.356373786926269531e+00 5.875196456909179688e+00 6.889390945434570312e-02
3.394194841384887695e+00 5.910973072052001953e+00 6.827020645141601562e-02
3.431665897369384766e+00 5.946836948394775391e+00 6.754601001739501953e-02
3.469502449035644531e+00 5.982670307159423828e+00 6.671071052551269531e-02
3.506983280181884766e+00 6.018591403961181641e+00 6.577479839324951172e-02
3.544829845428466797e+00 6.054479598999023438e+00 6.472456455230712891e-02
3.582322359085083008e+00 6.090456008911132812e+00 6.357502937316894531e-02
3.620217800140380859e+00 6.126454353332519531e+00 6.230735778808593750e-02
3.657758712768554688e+00 6.162540435791015625e+00 6.094110012054443359e-02
3.695301532745361328e+00 6.198653221130371094e+00 5.946516990661621094e-02
3.733216285705566406e+00 6.234734535217285156e+00 5.786740779876708984e-02
3.770388603210449219e+00 6.270329952239990234e+00 5.619049072265625000e-02
3.808264493942260742e+00 6.306212425231933594e+00 5.426681041717529297e-02
3.845640659332275391e+00 6.341453552246093750e+00 5.194282531738281250e-02
3.883383512496948242e+00 6.376610755920410156e+00 4.948127269744873047e-02
3.920774698257446289e+00 6.411885261535644531e+00 4.694771766662597656e-02
3.959270954132080078e+00 6.447985649108886719e+00 4.424154758453369141e-02
4.002930641174316406e+00 6.491025924682617188e+00 4.120743274688720703e-02
4.046593666076660156e+00 6.534094333648681641e+00 3.802978992462158203e-02
4.090682506561279297e+00 6.577157497406005859e+00 3.466570377349853516e-02
4.133912086486816406e+00 6.619622230529785156e+00 3.122854232788085938e-02
4.178010940551757812e+00 6.662740707397460938e+00 2.757012844085693359e-02
4.221694469451904297e+00 6.705920696258544922e+00 2.380859851837158203e-02
4.265804290771484375e+00 6.749094963073730469e+00 1.985156536102294922e-02
4.309494495391845703e+00 6.792326450347900391e+00 1.579153537750244141e-02
4.353614330291748047e+00 6.835548877716064453e+00 1.153230667114257812e-02
4.397313594818115234e+00 6.878833770751953125e+00 7.171154022216796875e-03
4.441015243530273438e+00 6.922144889831542969e+00 2.658963203430175781e-03
4.485147953033447266e+00 6.965438842773437500e+00 -2.059578895568847656e-03
4.528901576995849609e+00 7.007964134216308594e+00 -6.765127182006835938e-03
4.570948600769042969e+00 7.045975685119628906e+00 -9.732961654663085938e-03
4.611629009246826172e+00 7.082264900207519531e+00 -1.211059093475341797e-02
4.652702331542968750e+00 7.118443012237548828e+00 -1.466679573059082031e-02
4.693408012390136719e+00 7.154776573181152344e+00 -1.735651493072509766e-02
4.734506130218505859e+00 7.190999507904052734e+00 -2.022933959960937500e-02
4.775232791900634766e+00 7.227373123168945312e+00 -2.323412895202636719e-02
4.815972805023193359e+00 7.263769149780273438e+00 -2.639603614807128906e-02
4.854323387145996094e+00 7.298688888549804688e+00 -2.926659584045410156e-02
4.891885280609130859e+00 7.333153724670410156e+00 -3.220772743225097656e-02
4.930184364318847656e+00 7.368077754974365234e+00 -3.534102439880371094e-02
4.967977046966552734e+00 7.403106689453125000e+00 -3.856074810028076172e-02
5.003607273101806641e+00 7.436968803405761719e+00 -4.156100749969482422e-02
5.038955688476562500e+00 7.471035957336425781e+00 -4.466402530670166016e-02
5.074592590332031250e+00 7.504942893981933594e+00 -4.791247844696044922e-02
5.109944343566894531e+00 7.539051055908203125e+00 -5.126452445983886719e-02
5.145299911499023438e+00 7.573182582855224609e+00 -5.474114418029785156e-02
5.180943489074707031e+00 7.607147216796875000e+00 -5.836737155914306641e-02
5.215915679931640625e+00 7.640717029571533203e+00 -6.205236911773681641e-02
5.251565933227539062e+00 7.674721717834472656e+00 -6.593310832977294922e-02
5.286924839019775391e+00 7.708929061889648438e+00 -6.991422176361083984e-02
5.322578430175781250e+00 7.742971897125244141e+00 -7.405233383178710938e-02
5.357939720153808594e+00 7.777217864990234375e+00 -7.829058170318603516e-02
5.393596172332763672e+00 7.811297416687011719e+00 -8.268892765045166016e-02
5.428958415985107422e+00 7.845578193664550781e+00 -8.718657493591308594e-02
5.464321136474609375e+00 7.879880905151367188e+00 -9.181380271911621094e-02
5.500796794891357422e+00 7.913614273071289062e+00 -9.583175182342529297e-02
5.541090488433837891e+00 7.944773674011230469e+00 -9.566199779510498047e-02
5.582206726074218750e+00 7.976288318634033203e+00 -9.563577175140380859e-02
5.622982978820800781e+00 8.008030891418457031e+00 -9.580612182617187500e-02
5.664155960083007812e+00 8.039544105529785156e+00 -9.611141681671142578e-02
5.704986572265625000e+00 8.071282386779785156e+00 -9.661269187927246094e-02
5.746214866638183594e+00 8.102787971496582031e+00 -9.725499153137207031e-02
5.787097930908203125e+00 8.134523391723632812e+00 -9.809219837188720703e-02
5.828007698059082031e+00 8.166254997253417969e+00 -9.909772872924804688e-02
5.869315147399902344e+00 8.197750091552734375e+00 -1.002531051635742188e-01
5.909847736358642578e+00 8.228884696960449219e+00 -1.015712022781372070e-01
5.951206207275390625e+00 8.260372161865234375e+00 -1.030726432800292969e-01
5.992213249206542969e+00 8.292086601257324219e+00 -1.047668457031250000e-01
6.033620357513427734e+00 8.323559761047363281e+00 -1.066225767135620117e-01
6.074676036834716797e+00 8.355263710021972656e+00 -1.086689233779907227e-01
6.116129398345947266e+00 8.386722564697265625e+00 -1.108826398849487305e-01
6.157229423522949219e+00 8.418416976928710938e+00 -1.132857799530029297e-01
6.198350906372070312e+00 8.450102806091308594e+00 -1.158692836761474609e-01
6.239871025085449219e+00 8.481538772583007812e+00 -1.186281442642211914e-01
6.280607223510742188e+00 8.512619018554687500e+00 -1.215285062789916992e-01
6.322169780731201172e+00 8.544038772583007812e+00 -1.246556043624877930e-01
6.363370895385742188e+00 8.575691223144531250e+00 -1.279689073562622070e-01
6.404975891113281250e+00 8.607091903686523438e+00 -1.314709186553955078e-01
6.446214675903320312e+00 8.638727188110351562e+00 -1.351578235626220703e-01
6.487854957580566406e+00 8.670106887817382812e+00 -1.390391588211059570e-01
6.529131412506103516e+00 8.701721191406250000e+00 -1.431033611297607422e-01
6.570806026458740234e+00 8.733078002929687500e+00 -1.473687887191772461e-01
6.612115859985351562e+00 8.764669418334960938e+00 -1.518156528472900391e-01
6.653013229370117188e+00 8.795655250549316406e+00 -1.563905477523803711e-01
6.694707870483398438e+00 8.827485084533691406e+00 -1.613210439682006836e-01
6.736007690429687500e+00 8.859991073608398438e+00 -1.665039062500000000e-01
6.776950836181640625e+00 8.891505241394042969e+00 -1.718949079513549805e-01
6.817249298095703125e+00 8.923024177551269531e+00 -1.774573326110839844e-01
6.857984542846679688e+00 8.954301834106445312e+00 -1.832344532012939453e-01
6.898303031921386719e+00 8.985799789428710938e+00 -1.891820430755615234e-01
6.939057826995849609e+00 9.017053604125976562e+00 -1.953500509262084961e-01
6.979393005371093750e+00 9.048531532287597656e+00 -2.016880512237548828e-01
7.016753196716308594e+00 9.079223632812500000e+00 -2.069255113601684570e-01
7.053515911102294922e+00 9.110162734985351562e+00 -2.117781639099121094e-01
7.089864730834960938e+00 9.141339302062988281e+00 -2.167687416076660156e-01
7.126632690429687500e+00 9.172274589538574219e+00 -2.219547033309936523e-01
7.162296295166015625e+00 9.204767227172851562e+00 -2.160316705703735352e-01
7.198169708251953125e+00 9.237491607666015625e+00 -2.067879438400268555e-01
7.234332084655761719e+00 9.267289161682128906e+00 -1.981685161590576172e-01
7.278807640075683594e+00 9.288442611694335938e+00 -1.908756494522094727e-01
7.330399513244628906e+00 9.309127807617187500e+00 -1.849001646041870117e-01
7.381475448608398438e+00 9.329355239868164062e+00 -1.797058582305908203e-01
7.433574199676513672e+00 9.349740028381347656e+00 -1.751534938812255859e-01
7.485202789306640625e+00 9.370449066162109375e+00 -1.714143753051757812e-01
7.537308692932128906e+00 9.390863418579101562e+00 -1.683917045593261719e-01
7.588927745819091797e+00 9.411608695983886719e+00 -1.661752462387084961e-01
7.641008377075195312e+00 9.432060241699218750e+00 -1.647028923034667969e-01
7.692594528198242188e+00 9.452857971191406250e+00 -1.640305519104003906e-01
7.744882106781005859e+00 9.471823692321777344e+00 -1.643385887145996094e-01
7.797512531280517578e+00 9.485855102539062500e+00 -1.662396192550659180e-01
7.843340873718261719e+00 9.504909515380859375e+00 -1.704341173171997070e-01
7.901533126831054688e+00 9.532012939453125000e+00 -1.741175651550292969e-01
7.959142684936523438e+00 9.559400558471679688e+00 -1.788624525070190430e-01
8.017162322998046875e+00 9.586692810058593750e+00 -1.847319602966308594e-01
8.074583053588867188e+00 9.614280700683593750e+00 -1.916533708572387695e-01
8.126449584960937500e+00 9.635829925537109375e+00 -1.881388425827026367e-01
8.165452957153320312e+00 9.665136337280273438e+00 -1.859632730484008789e-01
8.204732894897460938e+00 9.694332122802734375e+00 -1.841926574707031250e-01
8.246350288391113281e+00 9.724695205688476562e+00 -1.837215423583984375e-01
8.301346778869628906e+00 9.759385108947753906e+00 -1.880422830581665039e-01
8.356964111328125000e+00 9.792970657348632812e+00 -1.936436891555786133e-01
8.403143882751464844e+00 9.827616691589355469e+00 -1.946771144866943359e-01
8.443407058715820312e+00 9.854150772094726562e+00 -1.961863040924072266e-01
8.483352661132812500e+00 9.881185531616210938e+00 -1.979054212570190430e-01
8.523587226867675781e+00 9.907762527465820312e+00 -2.000288963317871094e-01
8.563503265380859375e+00 9.934842109680175781e+00 -2.023570537567138672e-01
8.603425025939941406e+00 9.961250305175781250e+00 -2.048635482788085938e-01
8.642406463623046875e+00 9.987674713134765625e+00 -2.070105075836181641e-01
8.681361198425292969e+00 1.001412773132324219e+01 -2.094632387161254883e-01
8.716869354248046875e+00 1.004081726074218750e+01 -2.119510173797607422e-01
8.751507759094238281e+00 1.006812858581542969e+01 -2.189904451370239258e-01
8.786640167236328125e+00 1.009534454345703125e+01 -2.266342639923095703e-01
8.821437835693359375e+00 1.012305736541748047e+01 -2.344346046447753906e-01
8.856482505798339844e+00 1.015036201477050781e+01 -2.426904439926147461e-01
8.891136169433593750e+00 1.017791557312011719e+01 -2.510837316513061523e-01
8.923757553100585938e+00 1.019443798065185547e+01 -2.595829963684082031e-01
8.956045150756835938e+00 1.021164321899414062e+01 -2.683257460594177246e-01
8.988246917724609375e+00 1.022891616821289062e+01 -2.774701714515686035e-01
9.021178245544433594e+00 1.024917602539062500e+01 -2.868056297302246094e-01
9.055450439453125000e+00 1.027643394470214844e+01 -2.959162592887878418e-01
9.089900016784667969e+00 1.030321788787841797e+01 -3.055821061134338379e-01
9.124014854431152344e+00 1.033062171936035156e+01 -3.154294490814208984e-01
9.158294677734375000e+00 1.035755348205566406e+01 -3.258455991744995117e-01
9.192234039306640625e+00 1.038510513305664062e+01 -3.364317417144775391e-01
9.226332664489746094e+00 1.041218757629394531e+01 -3.476035594940185547e-01
9.260088920593261719e+00 1.043989467620849609e+01 -3.589349389076232910e-01
9.293745040893554688e+00 1.046767997741699219e+01 -3.706372380256652832e-01
9.327167510986328125e+00 1.049431610107421875e+01 -3.828770518302917480e-01
9.360624313354492188e+00 1.052226066589355469e+01 -3.953280448913574219e-01
9.394211769104003906e+00 1.054974746704101562e+01 -4.083989858627319336e-01
9.427451133728027344e+00 1.057785606384277344e+01 -4.216022491455078125e-01
9.469833374023437500e+00 1.060627555847167969e+01 -4.217748641967773438e-01
9.518586158752441406e+00 1.063602066040039062e+01 -4.123563766479492188e-01
9.572050094604492188e+00 1.066043853759765625e+01 -4.068130254745483398e-01
9.628509521484375000e+00 1.067964076995849609e+01 -4.022665023803710938e-01
9.679250717163085938e+00 1.070270538330078125e+01 -3.915358781814575195e-01
9.733016967773437500e+00 1.072115707397460938e+01 -3.827352523803710938e-01
9.786846160888671875e+00 1.074076843261718750e+01 -3.744697570800781250e-01
9.840993881225585938e+00 1.075986194610595703e+01 -3.667547106742858887e-01
9.894603729248046875e+00 1.077956581115722656e+01 -3.596528172492980957e-01
9.948505401611328125e+00 1.079878616333007812e+01 -3.531296253204345703e-01
1.000258922576904297e+01 1.081788825988769531e+01 -3.487383723258972168e-01
1.006012916564941406e+01 1.084620857238769531e+01 -3.428468704223632812e-01
1.011642074584960938e+01 1.087518024444580078e+01 -3.367463648319244385e-01
1.017260360717773438e+01 1.090423202514648438e+01 -3.311308026313781738e-01
1.022794437408447266e+01 1.093206024169921875e+01 -3.262092471122741699e-01
1.028023910522460938e+01 1.096005630493164062e+01 -3.217759132385253906e-01
1.033341312408447266e+01 1.098571014404296875e+01 -3.191261887550354004e-01
1.038607692718505859e+01 1.101193809509277344e+01 -3.167653083801269531e-01
1.043901062011718750e+01 1.103777790069580078e+01 -3.149084448814392090e-01
1.049143218994140625e+01 1.106420421600341797e+01 -3.133185505867004395e-01
1.054409503936767578e+01 1.109026527404785156e+01 -3.122574985027313232e-01
1.059458923339843750e+01 1.111598205566406250e+01 -3.110954761505126953e-01
1.064481735229492188e+01 1.114122200012207031e+01 -3.104438185691833496e-01
1.069461917877197266e+01 1.116517734527587891e+01 -3.105256259441375732e-01
1.074458408355712891e+01 1.119031906127929688e+01 -3.107841014862060547e-01
1.079464340209960938e+01 1.121518230438232422e+01 -3.115828633308410645e-01
1.084414863586425781e+01 1.124075698852539062e+01 -3.127129077911376953e-01
1.089353179931640625e+01 1.126626873016357422e+01 -3.145765662193298340e-01
1.094248580932617188e+01 1.129237270355224609e+01 -3.166210055351257324e-01
1.098783874511718750e+01 1.131246185302734375e+01 -3.197957873344421387e-01
1.103151988983154297e+01 1.133247566223144531e+01 -3.233876824378967285e-01
1.107098197937011719e+01 1.135790634155273438e+01 -3.224554061889648438e-01
1.110841846466064453e+01 1.138472938537597656e+01 -3.200342059135437012e-01
1.117660522460937500e+01 1.144611549377441406e+01 -3.260251283645629883e-01
1.123547554016113281e+01 1.149244213104248047e+01 -3.362476825714111328e-01
1.129398727416992188e+01 1.153897666931152344e+01 -3.469313979148864746e-01
1.135261726379394531e+01 1.158384704589843750e+01 -3.611264824867248535e-01
1.141084003448486328e+01 1.162915039062500000e+01 -3.754618763923645020e-01
1.146913719177246094e+01 1.167431831359863281e+01 -3.903765082359313965e-01
1.152917766571044922e+01 1.172322273254394531e+01 -4.116319417953491211e-01
1.158488559722900391e+01 1.176957225799560547e+01 -4.344308376312255859e-01
1.162405776977539062e+01 1.180002975463867188e+01 -4.452713727951049805e-01
1.166336059570312500e+01 1.183153629302978516e+01 -4.561170935630798340e-01
1.170267295837402344e+01 1.186294174194335938e+01 -4.674651026725769043e-01
1.174162483215332031e+01 1.189478397369384766e+01 -4.787704944610595703e-01
1.178057098388671875e+01 1.192654705047607422e+01 -4.905881285667419434e-01
1.181915569305419922e+01 1.195873928070068359e+01 -5.023480653762817383e-01
1.185774421691894531e+01 1.199090385437011719e+01 -5.146319866180419922e-01
1.189651489257812500e+01 1.202408409118652344e+01 -5.269386172294616699e-01
1.193510913848876953e+01 1.205743312835693359e+01 -5.394548773765563965e-01
1.196921730041503906e+01 1.208790683746337891e+01 -5.498875975608825684e-01
1.200285339355468750e+01 1.211900329589843750e+01 -5.597918033599853516e-01
1.203646755218505859e+01 1.215005683898925781e+01 -5.701802372932434082e-01
1.206976699829101562e+01 1.218148326873779297e+01 -5.804102420806884766e-01
1.210302925109863281e+01 1.221288490295410156e+01 -5.911271572113037109e-01
1.214205837249755859e+01 1.223500919342041016e+01 -5.895364880561828613e-01
1.218832206726074219e+01 1.224543571472167969e+01 -5.746005773544311523e-01
1.223424816131591797e+01 1.225610065460205078e+01 -5.604612827301025391e-01
1.227808570861816406e+01 1.226593685150146484e+01 -5.492810010910034180e-01
1.232170581817626953e+01 1.227449512481689453e+01 -5.388693213462829590e-01
1.236491298675537109e+01 1.228503608703613281e+01 -5.289617180824279785e-01
1.240764236450195312e+01 1.229660129547119141e+01 -5.194953680038452148e-01
1.245003509521484375e+01 1.230849647521972656e+01 -5.107087492942810059e-01
1.249273014068603516e+01 1.231959533691406250e+01 -5.025432705879211426e-01
1.253508758544921875e+01 1.233104896545410156e+01 -4.950456023216247559e-01
1.257771396636962891e+01 1.234172248840332031e+01 -4.881933331489562988e-01
1.261999702453613281e+01 1.235277080535888672e+01 -4.819951653480529785e-01
1.266223144531250000e+01 1.236363410949707031e+01 -4.764420986175537109e-01
1.270422363281250000e+01 1.237330436706542969e+01 -4.716674387454986572e-01
1.274633407592773438e+01 1.238381576538085938e+01 -4.674258232116699219e-01
1.278840637207031250e+01 1.239335632324218750e+01 -4.634224474430084229e-01
1.282894706726074219e+01 1.240219306945800781e+01 -4.578406214714050293e-01
1.286899375915527344e+01 1.241284561157226562e+01 -4.546290636062622070e-01
1.290724372863769531e+01 1.242901706695556641e+01 -4.551855325698852539e-01
1.294608497619628906e+01 1.244404506683349609e+01 -4.579687714576721191e-01
1.298602867126464844e+01 1.245779228210449219e+01 -4.676246643066406250e-01
1.302876758575439453e+01 1.247435092926025391e+01 -4.738398194313049316e-01
1.308167648315429688e+01 1.249963760375976562e+01 -4.662917852401733398e-01
1.313264846801757812e+01 1.252530384063720703e+01 -4.601582586765289307e-01
1.318337345123291016e+01 1.255032920837402344e+01 -4.545553624629974365e-01
1.323366546630859375e+01 1.257553195953369141e+01 -4.496532082557678223e-01
1.328444099426269531e+01 1.260021877288818359e+01 -4.450732469558715820e-01
1.333476829528808594e+01 1.262509918212890625e+01 -4.411849975585937500e-01
1.338555526733398438e+01 1.264947509765625000e+01 -4.376440942287445068e-01
1.343589401245117188e+01 1.267406845092773438e+01 -4.347847700119018555e-01
1.348622131347656250e+01 1.269852447509765625e+01 -4.324395656585693359e-01
1.353645801544189453e+01 1.272196006774902344e+01 -4.304398298263549805e-01
1.358675765991210938e+01 1.274617767333984375e+01 -4.291393160820007324e-01
1.363747119903564453e+01 1.276992130279541016e+01 -4.282544553279876709e-01
1.368770790100097656e+01 1.279392433166503906e+01 -4.280121326446533203e-01
1.373834419250488281e+01 1.281747150421142578e+01 -4.282098412513732910e-01
1.378849411010742188e+01 1.284129142761230469e+01 -4.290416538715362549e-01
1.383902168273925781e+01 1.286467456817626953e+01 -4.303365647792816162e-01
1.388905620574951172e+01 1.288834762573242188e+01 -4.322459697723388672e-01
1.393901729583740234e+01 1.291195774078369141e+01 -4.346947073936462402e-01
1.398879718780517578e+01 1.293462181091308594e+01 -4.375679790973663330e-01
1.403860187530517578e+01 1.295813369750976562e+01 -4.411050677299499512e-01
1.408873558044433594e+01 1.298124694824218750e+01 -4.451574683189392090e-01
1.413834762573242188e+01 1.300468635559082031e+01 -4.497888088226318359e-01
1.418826866149902344e+01 1.302775001525878906e+01 -4.549586772918701172e-01
1.423766613006591797e+01 1.305115604400634766e+01 -4.606873393058776855e-01
1.428734588623046875e+01 1.307419967651367188e+01 -4.669747352600097656e-01
1.433649730682373047e+01 1.309760570526123047e+01 -4.738063216209411621e-01
1.438551712036132812e+01 1.312101936340332031e+01 -4.811843037605285645e-01
1.443424606323242188e+01 1.314357566833496094e+01 -4.890463352203369141e-01
1.448296833038330078e+01 1.316703701019287109e+01 -4.975206851959228516e-01
1.453191947937011719e+01 1.319018554687500000e+01 -5.066011548042297363e-01
1.458031845092773438e+01 1.321372222900390625e+01 -5.161762237548828125e-01
1.462892532348632812e+01 1.323697280883789062e+01 -5.263732075691223145e-01
1.467697525024414062e+01 1.326062393188476562e+01 -5.370458364486694336e-01
1.472520256042480469e+01 1.328400325775146484e+01 -5.483542680740356445e-01
1.477287292480468750e+01 1.330780029296875000e+01 -5.601173639297485352e-01
