2.266400098800659180e+00 4.784399986267089844e+00 0.000000000000000000e+00
2.297800064086914062e+00 4.824200153350830078e+00 0.000000000000000000e+00
2.329299926757812500e+00 4.863900184631347656e+00 0.000000000000000000e+00
2.361000061035156250e+00 4.903500080108642578e+00 0.000000000000000000e+00
2.392899990081787109e+00 4.942999839782714844e+00 0.000000000000000000e+00
2.424799919128417969e+00 4.982399940490722656e+00 0.000000000000000000e+00
2.456899881362915039e+00 5.021800041198730469e+00 0.000000000000000000e+00
2.489200115203857422e+00 5.060999870300292969e+00 0.000000000000000000e+00
2.521600008010864258e+00 5.100200176239013672e+00 0.000000000000000000e+00
2.554100036621093750e+00 5.139200210571289062e+00 0.000000000000000000e+00
2.586699962615966797e+00 5.178199768066406250e+00 0.000000000000000000e+00
2.619499921798706055e+00 5.217000007629394531e+00 0.000000000000000000e+00
2.652400016784667969e+00 5.255799770355224609e+00 0.000000000000000000e+00
2.685400009155273438e+00 5.294499874114990234e+00 0.000000000000000000e+00
2.718600034713745117e+00 5.333099842071533203e+00 0.000000000000000000e+00
2.751899957656860352e+00 5.371500015258789062e+00 0.000000000000000000e+00
2.785300016403198242e+00 5.409900188446044922e+00 0.000000000000000000e+00
2.818799972534179688e+00 5.448299884796142578e+00 0.000000000000000000e+00
2.852499961853027344e+00 5.486499786376953125e+00 0.000000000000000000e+00
2.886300086975097656e+00 5.524600028991699219e+00 0.000000000000000000e+00
2.920200109481811523e+00 5.562600135803222656e+00 0.000000000000000000e+00
2.954200029373168945e+00 5.600599765777587891e+00 0.000000000000000000e+00
2.988399982452392578e+00 5.638400077819824219e+00 0.000000000000000000e+00
3.022700071334838867e+00 5.676199913024902344e+00 0.000000000000000000e+00
3.056999921798706055e+00 5.713900089263916016e+00 0.000000000000000000e+00
3.091599941253662109e+00 5.751399993896484375e+00 0.000000000000000000e+00
3.126199960708618164e+00 5.788899898529052734e+00 0.000000000000000000e+00
3.160900115966796875e+00 5.826300144195556641e+00 0.000000000000000000e+00
3.195800065994262695e+00 5.863599777221679688e+00 0.000000000000000000e+00
3.230799913406372070e+00 5.900800228118896484e+00 0.000000000000000000e+00
3.265799999237060547e+00 5.938000202178955078e+00 0.000000000000000000e+00
3.301000118255615234e+00 5.974999904632568359e+00 0.000000000000000000e+00
3.336400032043457031e+00 6.011899948120117188e+00 0.000000000000000000e+00
3.371799945831298828e+00 6.048799991607666016e+00 0.000000000000000000e+00
3.407299995422363281e+00 6.085499763488769531e+00 0.000000000000000000e+00
3.443000078201293945e+00 6.122200012207031250e+00 0.000000000000000000e+00
3.478699922561645508e+00 6.158800125122070312e+00 0.000000000000000000e+00
3.514600038528442383e+00 6.195300102233886719e+00 0.000000000000000000e+00
3.550499916076660156e+00 6.231699943542480469e+00 0.000000000000000000e+00
3.586600065231323242e+00 6.268000125885009766e+00 0.000000000000000000e+00
3.622800111770629883e+00 6.304299831390380859e+00 0.000000000000000000e+00
3.659100055694580078e+00 6.340400218963623047e+00 0.000000000000000000e+00
3.695499897003173828e+00 6.376399993896484375e+00 0.000000000000000000e+00
3.732000112533569336e+00 6.412399768829345703e+00 0.000000000000000000e+00
3.768500089645385742e+00 6.448299884796142578e+00 0.000000000000000000e+00
3.805200099945068359e+00 6.484099864959716797e+00 0.000000000000000000e+00
3.842000007629394531e+00 6.519800186157226562e+00 0.000000000000000000e+00
3.878900051116943359e+00 6.555399894714355469e+00 0.000000000000000000e+00
3.915899991989135742e+00 6.590899944305419922e+00 0.000000000000000000e+00
3.953000068664550781e+00 6.626299858093261719e+00 0.000000000000000000e+00
3.990200042724609375e+00 6.661699771881103516e+00 0.000000000000000000e+00
4.027500152587890625e+00 6.697000026702880859e+00 0.000000000000000000e+00
4.064899921417236328e+00 6.732100009918212891e+00 0.000000000000000000e+00
4.102399826049804688e+00 6.767199993133544922e+00 0.000000000000000000e+00
4.139999866485595703e+00 6.802199840545654297e+00 0.000000000000000000e+00
4.177599906921386719e+00 6.837100028991699219e+00 0.000000000000000000e+00
4.215400218963623047e+00 6.872000217437744141e+00 0.000000000000000000e+00
4.253300189971923828e+00 6.906700134277343750e+00 0.000000000000000000e+00
4.291200160980224609e+00 6.941400051116943359e+00 0.000000000000000000e+00
4.329199790954589844e+00 6.975900173187255859e+00 0.000000000000000000e+00
4.367400169372558594e+00 7.010399818420410156e+00 0.000000000000000000e+00
4.405600070953369141e+00 7.044799804687500000e+00 0.000000000000000000e+00
4.443900108337402344e+00 7.079199790954589844e+00 0.000000000000000000e+00
4.482299804687500000e+00 7.113399982452392578e+00 0.000000000000000000e+00
4.520800113677978516e+00 7.147500038146972656e+00 0.000000000000000000e+00
4.559400081634521484e+00 7.181600093841552734e+00 0.000000000000000000e+00
4.598100185394287109e+00 7.215600013732910156e+00 0.000000000000000000e+00
4.636799812316894531e+00 7.249499797821044922e+00 0.000000000000000000e+00
4.675700187683105469e+00 7.283299922943115234e+00 0.000000000000000000e+00
4.714600086212158203e+00 7.316999912261962891e+00 0.000000000000000000e+00
4.753600120544433594e+00 7.350699901580810547e+00 0.000000000000000000e+00
4.792699813842773438e+00 7.384200096130371094e+00 0.000000000000000000e+00
4.831900119781494141e+00 7.417699813842773438e+00 0.000000000000000000e+00
4.871099948883056641e+00 7.451099872589111328e+00 0.000000000000000000e+00
4.910500049591064453e+00 7.484399795532226562e+00 0.000000000000000000e+00
4.949900150299072266e+00 7.517700195312500000e+00 0.000000000000000000e+00
4.989399909973144531e+00 7.550799846649169922e+00 0.000000000000000000e+00
5.028999805450439453e+00 7.583899974822998047e+00 0.000000000000000000e+00
5.068600177764892578e+00 7.616899967193603516e+00 0.000000000000000000e+00
5.108399868011474609e+00 7.649799823760986328e+00 0.000000000000000000e+00
5.148200035095214844e+00 7.682600021362304688e+00 0.000000000000000000e+00
5.188099861145019531e+00 7.715300083160400391e+00 0.000000000000000000e+00
5.228099822998046875e+00 7.748000144958496094e+00 0.000000000000000000e+00
5.268199920654296875e+00 7.780600070953369141e+00 0.000000000000000000e+00
5.308300018310546875e+00 7.813099861145019531e+00 0.000000000000000000e+00
5.348499774932861328e+00 7.845499992370605469e+00 0.000000000000000000e+00
5.388800144195556641e+00 7.877900123596191406e+00 0.000000000000000000e+00
5.429100036621093750e+00 7.910099983215332031e+00 0.000000000000000000e+00
5.469600200653076172e+00 7.942299842834472656e+00 0.000000000000000000e+00
5.510099887847900391e+00 7.974400043487548828e+00 0.000000000000000000e+00
5.550700187683105469e+00 8.006400108337402344e+00 0.000000000000000000e+00
5.591300010681152344e+00 8.038399696350097656e+00 0.000000000000000000e+00
5.631999969482421875e+00 8.070199966430664062e+00 0.000000000000000000e+00
5.672800064086914062e+00 8.102000236511230469e+00 0.000000000000000000e+00
5.713699817657470703e+00 8.133700370788574219e+00 0.000000000000000000e+00
5.754600048065185547e+00 8.165300369262695312e+00 0.000000000000000000e+00
5.795700073242187500e+00 8.196900367736816406e+00 0.000000000000000000e+00
5.836699962615966797e+00 8.228400230407714844e+00 0.000000000000000000e+00
5.877900123596191406e+00 8.259799957275390625e+00 0.000000000000000000e+00
5.919099807739257812e+00 8.291099548339843750e+00 0.000000000000000000e+00
5.960400104522705078e+00 8.322299957275390625e+00 0.000000000000000000e+00
6.001699924468994141e+00 8.353500366210937500e+00 0.000000000000000000e+00
6.043200016021728516e+00 8.384599685668945312e+00 0.000000000000000000e+00
6.084599971771240234e+00 8.415599822998046875e+00 0.000000000000000000e+00
6.126200199127197266e+00 8.446499824523925781e+00 0.000000000000000000e+00
6.167799949645996094e+00 8.477399826049804688e+00 0.000000000000000000e+00
6.209499835968017578e+00 8.508099555969238281e+00 0.000000000000000000e+00
6.251299858093261719e+00 8.538800239562988281e+00 0.000000000000000000e+00
6.293099880218505859e+00 8.569499969482421875e+00 0.000000000000000000e+00
6.335000038146972656e+00 8.600000381469726562e+00 0.000000000000000000e+00
6.376900196075439453e+00 8.630499839782714844e+00 0.000000000000000000e+00
6.418900012969970703e+00 8.660900115966796875e+00 0.000000000000000000e+00
6.460999965667724609e+00 8.691200256347656250e+00 0.000000000000000000e+00
6.503099918365478516e+00 8.721500396728515625e+00 0.000000000000000000e+00
6.545300006866455078e+00 8.751700401306152344e+00 0.000000000000000000e+00
6.587500095367431641e+00 8.781800270080566406e+00 0.000000000000000000e+00
6.629899978637695312e+00 8.811800003051757812e+00 0.000000000000000000e+00
6.672200202941894531e+00 8.841799736022949219e+00 0.000000000000000000e+00
6.714700222015380859e+00 8.871600151062011719e+00 0.000000000000000000e+00
6.757199764251708984e+00 8.901399612426757812e+00 0.000000000000000000e+00
6.799699783325195312e+00 8.931200027465820312e+00 0.000000000000000000e+00
6.842299938201904297e+00 8.960800170898437500e+00 0.000000000000000000e+00
6.885000228881835938e+00 8.990400314331054688e+00 0.000000000000000000e+00
6.927700042724609375e+00 9.019900321960449219e+00 0.000000000000000000e+00
6.970499992370605469e+00 9.049400329589843750e+00 0.000000000000000000e+00
7.013400077819824219e+00 9.078800201416015625e+00 0.000000000000000000e+00
7.056300163269042969e+00 9.108099937438964844e+00 0.000000000000000000e+00
7.099199771881103516e+00 9.137299537658691406e+00 0.000000000000000000e+00
7.142199993133544922e+00 9.166500091552734375e+00 0.000000000000000000e+00
7.185299873352050781e+00 9.195500373840332031e+00 0.000000000000000000e+00
7.228400230407714844e+00 9.224599838256835938e+00 0.000000000000000000e+00
7.271599769592285156e+00 9.253499984741210938e+00 0.000000000000000000e+00
7.314799785614013672e+00 9.282400131225585938e+00 0.000000000000000000e+00
7.358099937438964844e+00 9.311200141906738281e+00 0.000000000000000000e+00
7.401500225067138672e+00 9.339900016784667969e+00 0.000000000000000000e+00
7.444799900054931641e+00 9.368599891662597656e+00 0.000000000000000000e+00
7.488299846649169922e+00 9.397199630737304688e+00 0.000000000000000000e+00
7.531799793243408203e+00 9.425700187683105469e+00 0.000000000000000000e+00
7.575300216674804688e+00 9.454099655151367188e+00 0.000000000000000000e+00
7.618899822235107422e+00 9.482500076293945312e+00 0.000000000000000000e+00
7.662600040435791016e+00 9.510800361633300781e+00 0.000000000000000000e+00
7.706299781799316406e+00 9.539099693298339844e+00 0.000000000000000000e+00
7.750100135803222656e+00 9.567199707031250000e+00 0.000000000000000000e+00
7.793900012969970703e+00 9.595299720764160156e+00 0.000000000000000000e+00
7.837699890136718750e+00 9.623399734497070312e+00 0.000000000000000000e+00
7.881599903106689453e+00 9.651399612426757812e+00 0.000000000000000000e+00
7.925600051879882812e+00 9.679300308227539062e+00 0.000000000000000000e+00
7.969600200653076172e+00 9.707099914550781250e+00 0.000000000000000000e+00
8.013600349426269531e+00 9.734900474548339844e+00 0.000000000000000000e+00
8.057800292968750000e+00 9.762599945068359375e+00 0.000000000000000000e+00
8.101900100708007812e+00 9.790200233459472656e+00 0.000000000000000000e+00
8.146100044250488281e+00 9.817799568176269531e+00 0.000000000000000000e+00
8.190299987792968750e+00 9.845299720764160156e+00 0.000000000000000000e+00
8.234600067138671875e+00 9.872699737548828125e+00 0.000000000000000000e+00
8.279000282287597656e+00 9.899999618530273438e+00 0.000000000000000000e+00
8.323399543762207031e+00 9.927300453186035156e+00 0.000000000000000000e+00
8.367799758911132812e+00 9.954600334167480469e+00 0.000000000000000000e+00
8.412300109863281250e+00 9.981699943542480469e+00 0.000000000000000000e+00
8.456800460815429688e+00 1.000899982452392578e+01 0.000000000000000000e+00
8.501399993896484375e+00 1.003600025177001953e+01 0.000000000000000000e+00
8.545999526977539062e+00 1.006299972534179688e+01 0.000000000000000000e+00
8.590600013732910156e+00 1.009000015258789062e+01 0.000000000000000000e+00
8.635299682617187500e+00 1.011699962615966797e+01 0.000000000000000000e+00
8.680100440979003906e+00 1.014299964904785156e+01 0.000000000000000000e+00
8.724900245666503906e+00 1.017000007629394531e+01 0.000000000000000000e+00
8.769700050354003906e+00 1.019699954986572266e+01 0.000000000000000000e+00
8.814599990844726562e+00 1.022299957275390625e+01 0.000000000000000000e+00
8.859499931335449219e+00 1.025000000000000000e+01 0.000000000000000000e+00
8.904500007629394531e+00 1.027600002288818359e+01 0.000000000000000000e+00
8.949500083923339844e+00 1.030300045013427734e+01 0.000000000000000000e+00
8.994500160217285156e+00 1.032900047302246094e+01 0.000000000000000000e+00
9.039600372314453125e+00 1.035499954223632812e+01 0.000000000000000000e+00
9.084699630737304688e+00 1.038099956512451172e+01 0.000000000000000000e+00
9.129899978637695312e+00 1.040799999237060547e+01 0.000000000000000000e+00
9.175100326538085938e+00 1.043400001525878906e+01 0.000000000000000000e+00
9.220299720764160156e+00 1.046000003814697266e+01 0.000000000000000000e+00
9.265600204467773438e+00 1.048600006103515625e+01 0.000000000000000000e+00
9.310999870300292969e+00 1.051200008392333984e+01 0.000000000000000000e+00
9.356300354003906250e+00 1.053699970245361328e+01 0.000000000000000000e+00
9.401700019836425781e+00 1.056299972534179688e+01 0.000000000000000000e+00
9.447199821472167969e+00 1.058899974822998047e+01 0.000000000000000000e+00
9.492699623107910156e+00 1.061400032043457031e+01 0.000000000000000000e+00
9.538200378417968750e+00 1.064000034332275391e+01 0.000000000000000000e+00
9.583800315856933594e+00 1.066600036621093750e+01 0.000000000000000000e+00
9.629400253295898438e+00 1.069099998474121094e+01 0.000000000000000000e+00
9.675000190734863281e+00 1.071599960327148438e+01 0.000000000000000000e+00
9.720700263977050781e+00 1.074199962615966797e+01 0.000000000000000000e+00
9.766400337219238281e+00 1.076700019836425781e+01 0.000000000000000000e+00
9.812100410461425781e+00 1.079199981689453125e+01 0.000000000000000000e+00
9.857899665832519531e+00 1.081700038909912109e+01 0.000000000000000000e+00
9.903800010681152344e+00 1.084200000762939453e+01 0.000000000000000000e+00
9.949600219726562500e+00 1.086800003051757812e+01 0.000000000000000000e+00
9.995499610900878906e+00 1.089299964904785156e+01 0.000000000000000000e+00
1.004100036621093750e+01 1.091699981689453125e+01 0.000000000000000000e+00
1.008699989318847656e+01 1.094200038909912109e+01 0.000000000000000000e+00
1.013300037384033203e+01 1.096700000762939453e+01 0.000000000000000000e+00
1.017899990081787109e+01 1.099199962615966797e+01 0.000000000000000000e+00
1.022599983215332031e+01 1.101700019836425781e+01 0.000000000000000000e+00
1.027200031280517578e+01 1.104100036621093750e+01 0.000000000000000000e+00
1.031799983978271484e+01 1.106599998474121094e+01 0.000000000000000000e+00
1.036400032043457031e+01 1.109000015258789062e+01 0.000000000000000000e+00
1.040999984741210938e+01 1.111499977111816406e+01 0.000000000000000000e+00
1.045600032806396484e+01 1.113899993896484375e+01 0.000000000000000000e+00
1.050300025939941406e+01 1.116300010681152344e+01 0.000000000000000000e+00
1.054899978637695312e+01 1.118799972534179688e+01 0.000000000000000000e+00
1.059500026702880859e+01 1.121199989318847656e+01 0.000000000000000000e+00
1.064200019836425781e+01 1.123600006103515625e+01 0.000000000000000000e+00
1.068799972534179688e+01 1.126000022888183594e+01 0.000000000000000000e+00
1.073499965667724609e+01 1.128400039672851562e+01 0.000000000000000000e+00
1.078100013732910156e+01 1.130799961090087891e+01 0.000000000000000000e+00
1.082800006866455078e+01 1.133199977874755859e+01 0.000000000000000000e+00
1.087399959564208984e+01 1.135599994659423828e+01 0.000000000000000000e+00
1.092099952697753906e+01 1.138000011444091797e+01 0.000000000000000000e+00
1.096700000762939453e+01 1.140400028228759766e+01 0.000000000000000000e+00
1.101399993896484375e+01 1.142700004577636719e+01 0.000000000000000000e+00
1.106099987030029297e+01 1.145100021362304688e+01 0.000000000000000000e+00
1.110700035095214844e+01 1.147500038146972656e+01 0.000000000000000000e+00
1.115400028228759766e+01 1.149800014495849609e+01 0.000000000000000000e+00
1.120100021362304688e+01 1.152200031280517578e+01 0.000000000000000000e+00
1.124699974060058594e+01 1.154500007629394531e+01 0.000000000000000000e+00
1.129399967193603516e+01 1.156799983978271484e+01 0.000000000000000000e+00
1.134099960327148438e+01 1.159200000762939453e+01 0.000000000000000000e+00
1.138799953460693359e+01 1.161499977111816406e+01 0.000000000000000000e+00
1.143500041961669922e+01 1.163799953460693359e+01 0.000000000000000000e+00
1.148200035095214844e+01 1.166100025177001953e+01 0.000000000000000000e+00
1.152900028228759766e+01 1.168500041961669922e+01 0.000000000000000000e+00
1.157600021362304688e+01 1.170800018310546875e+01 0.000000000000000000e+00
1.162300014495849609e+01 1.173099994659423828e+01 0.000000000000000000e+00
1.167000007629394531e+01 1.175399971008300781e+01 0.000000000000000000e+00
1.171700000762939453e+01 1.177600002288818359e+01 0.000000000000000000e+00
1.176399993896484375e+01 1.179899978637695312e+01 0.000000000000000000e+00
1.181099987030029297e+01 1.182199954986572266e+01 0.000000000000000000e+00
1.185799980163574219e+01 1.184500026702880859e+01 0.000000000000000000e+00
1.190499973297119141e+01 1.186800003051757812e+01 0.000000000000000000e+00
1.195300006866455078e+01 1.189000034332275391e+01 0.000000000000000000e+00
1.200000000000000000e+01 1.191300010681152344e+01 0.000000000000000000e+00
1.204699993133544922e+01 1.193500041961669922e+01 0.000000000000000000e+00
1.209399986267089844e+01 1.195800018310546875e+01 0.000000000000000000e+00
1.214200019836425781e+01 1.197999954223632812e+01 0.000000000000000000e+00
1.218900012969970703e+01 1.200300025939941406e+01 0.000000000000000000e+00
1.223700046539306641e+01 1.202499961853027344e+01 0.000000000000000000e+00
1.228400039672851562e+01 1.204699993133544922e+01 0.000000000000000000e+00
1.233100032806396484e+01 1.206900024414062500e+01 0.000000000000000000e+00
1.237899971008300781e+01 1.209200000762939453e+01 0.000000000000000000e+00
1.242599964141845703e+01 1.211400032043457031e+01 0.000000000000000000e+00
1.247399997711181641e+01 1.213599967956542969e+01 0.000000000000000000e+00
1.252099990844726562e+01 1.215799999237060547e+01 0.000000000000000000e+00
1.256900024414062500e+01 1.218000030517578125e+01 0.000000000000000000e+00
1.261600017547607422e+01 1.220199966430664062e+01 0.000000000000000000e+00
1.266399955749511719e+01 1.222399997711181641e+01 0.000000000000000000e+00
1.271199989318847656e+01 1.224499988555908203e+01 0.000000000000000000e+00
1.275899982452392578e+01 1.226700019836425781e+01 0.000000000000000000e+00
1.280700016021728516e+01 1.228899955749511719e+01 0.000000000000000000e+00
1.285499954223632812e+01 1.231099987030029297e+01 0.000000000000000000e+00
1.290200042724609375e+01 1.233199977874755859e+01 0.000000000000000000e+00
1.294999980926513672e+01 1.235400009155273438e+01 0.000000000000000000e+00
1.299800014495849609e+01 1.237500000000000000e+01 0.000000000000000000e+00
1.304599952697753906e+01 1.239700031280517578e+01 0.000000000000000000e+00
1.309300041198730469e+01 1.241800022125244141e+01 0.000000000000000000e+00
1.314099979400634766e+01 1.243999958038330078e+01 0.000000000000000000e+00
1.318900012969970703e+01 1.246100044250488281e+01 0.000000000000000000e+00
1.323700046539306641e+01 1.248200035095214844e+01 0.000000000000000000e+00
1.328499984741210938e+01 1.250300025939941406e+01 0.000000000000000000e+00
1.333300018310546875e+01 1.252499961853027344e+01 0.000000000000000000e+00
1.338099956512451172e+01 1.254599952697753906e+01 0.000000000000000000e+00
1.342899990081787109e+01 1.256700038909912109e+01 0.000000000000000000e+00
1.347700023651123047e+01 1.258800029754638672e+01 0.000000000000000000e+00
1.352499961853027344e+01 1.260900020599365234e+01 0.000000000000000000e+00
1.357299995422363281e+01 1.263000011444091797e+01 0.000000000000000000e+00
1.362100028991699219e+01 1.265100002288818359e+01 0.000000000000000000e+00
1.366899967193603516e+01 1.267099952697753906e+01 0.000000000000000000e+00
1.371700000762939453e+01 1.269200038909912109e+01 0.000000000000000000e+00
1.376500034332275391e+01 1.271300029754638672e+01 0.000000000000000000e+00
1.381299972534179688e+01 1.273400020599365234e+01 0.000000000000000000e+00
1.386100006103515625e+01 1.275399971008300781e+01 0.000000000000000000e+00
1.390999984741210938e+01 1.277499961853027344e+01 0.000000000000000000e+00
1.395800018310546875e+01 1.279599952697753906e+01 0.000000000000000000e+00
1.400599956512451172e+01 1.281599998474121094e+01 0.000000000000000000e+00
1.405399990081787109e+01 1.283699989318847656e+01 0.000000000000000000e+00
1.410299968719482422e+01 1.285700035095214844e+01 0.000000000000000000e+00
1.415100002288818359e+01 1.287699985504150391e+01 0.000000000000000000e+00
1.419900035858154297e+01 1.289799976348876953e+01 0.000000000000000000e+00
1.424699974060058594e+01 1.291800022125244141e+01 0.000000000000000000e+00
1.429599952697753906e+01 1.293799972534179688e+01 0.000000000000000000e+00
1.434399986267089844e+01 1.295899963378906250e+01 0.000000000000000000e+00
1.439299964904785156e+01 1.297900009155273438e+01 0.000000000000000000e+00
1.444099998474121094e+01 1.299899959564208984e+01 0.000000000000000000e+00
1.448900032043457031e+01 1.301900005340576172e+01 0.000000000000000000e+00
1.453800010681152344e+01 1.303899955749511719e+01 0.000000000000000000e+00
1.458600044250488281e+01 1.305900001525878906e+01 0.000000000000000000e+00
1.463500022888183594e+01 1.307900047302246094e+01 0.000000000000000000e+00
1.468299961090087891e+01 1.309899997711181641e+01 0.000000000000000000e+00
1.473200035095214844e+01 1.311900043487548828e+01 0.000000000000000000e+00
1.477999973297119141e+01 1.313799953460693359e+01 0.000000000000000000e+00
1.482900047302246094e+01 1.315799999237060547e+01 0.000000000000000000e+00
1.487699985504150391e+01 1.317800045013427734e+01 0.000000000000000000e+00
1.492599964141845703e+01 1.319799995422363281e+01 0.000000000000000000e+00
1.497500038146972656e+01 1.321700000762939453e+01 0.000000000000000000e+00
1.502299976348876953e+01 1.323700046539306641e+01 0.000000000000000000e+00
1.507199954986572266e+01 1.325599956512451172e+01 0.000000000000000000e+00
